2.323
2.323
2.317
2.318
2.322
2.318
2.33
2.338
2.35
2.351
2.356
2.386
2.364
2.348
2.333
2.318
2.324
2.32
2.321
2.339
2.344
2.354
2.352
2.354
2.356
2.349
2.345
2.36
2.345
2.349
2.371
2.434
2.388
2.365
2.428
2.503
2.539
2.631
2.71
2.589
2.425
2.379
2.43
2.47
2.508
2.443
2.422
2.415
2.391
2.393
2.388
2.385
2.385
2.401
2.398
2.407
2.409
2.44
2.442
2.428
2.416
2.434
2.429
2.431
2.433
2.442
2.438
2.435
2.437
2.432
2.436
2.44
2.449
2.452
2.449
2.472
2.471
2.467
2.466
2.466
2.469
2.465
2.468
2.469
2.481
2.502
2.503
2.496
2.496
2.571
2.598
2.601
2.593
2.586
2.551
2.541
2.529
2.535
2.536
2.549
2.54
2.583
2.654
2.645
2.602
2.595
2.592
2.589
2.598
2.596
2.667
2.795
2.863
2.861
2.823
2.83
2.772
2.702
2.668
2.639
2.629
2.641
2.674
2.702
2.718
2.7
2.679
2.671
2.658
2.647
2.646
2.632
2.625
2.616
2.595
2.595
2.604
2.606
2.611
2.614
2.608
2.598
2.601
2.579
2.575
2.558
2.564
2.587
2.562
2.562
2.586
2.599
2.608
2.613
2.589
2.571
2.59
2.596
2.556
2.566
2.557
2.562
2.585
2.61
2.595
2.564
2.576
2.557
2.546
2.549
2.559
2.592
2.56
2.548
2.55
2.539
2.526
2.52
2.504
2.495
2.509
2.496
2.497
2.504
2.516
2.513
2.512
2.507
2.505
2.499
2.489
2.494
2.489
2.471
2.458
2.448
2.464
2.469
2.47
2.476
2.487
2.514
2.533
2.536
2.479
2.464
2.41
2.402
2.384
2.37
2.406
2.445
2.426
2.411
2.429
2.432
2.407
2.368
2.383
2.414
2.483
2.472
2.415
2.381
2.383
2.416
2.453
2.449
2.412
2.414
2.439
2.451
2.441
2.366
2.365
2.366
2.359
2.354
2.355
2.321
2.339
2.394
2.408
2.421
2.354
2.322
2.279
2.273
2.265
2.264
2.287
2.291
2.277
2.263
2.299
2.31
2.301
2.325
2.389
2.445
2.464
2.434
2.404
2.431
2.458
2.483
2.462
2.399
2.422
2.373
2.416
2.357
2.349
2.368
2.369
2.37
2.355
2.363
2.368
2.394
2.386
2.408
2.403
2.425
2.385
2.359
2.33
2.334
2.339
2.347
2.353
2.387
2.393
2.386
2.371
2.374
2.376
2.381
2.363
2.401
2.406
2.429
2.421
2.404
2.367
2.33
2.34
2.34
2.332
2.339
2.329
2.329
2.329
2.344
2.333
2.325
2.328
2.354
2.36
2.358
2.362
2.384
2.339
2.326
2.292
2.257
2.268
2.259
2.294
2.259
2.263
2.22
2.208
2.25
2.262
2.28
2.285
2.285
2.287
2.306
2.355
2.358
2.378
2.353
2.351
2.359
2.337
2.325
2.289
2.321
2.293
2.281
2.288
2.292
2.332
2.306
2.274
2.266
2.236
2.215
2.236
2.204
2.239
2.22
2.207
2.192
2.271
2.328
2.303
2.319
2.275
2.261
2.246
2.254
2.281
2.234
2.214
2.272
2.305
2.313
2.277
2.304
2.246
2.212
2.211
2.235
2.301
2.309
2.255
2.285
2.287
2.291
2.256
2.239
2.204
2.198
2.227
2.232
2.238
2.281
2.235
2.234
2.263
2.264
2.248
2.257
2.269
2.257
2.259
2.313
2.318
2.325
2.315
2.291
2.292
2.296
2.328
2.329
2.299
2.298
2.292
2.311
2.306
2.32
2.335
2.341
2.333
2.328
2.296
2.275
2.255
2.268
2.255
2.241
2.236
2.223
2.202
2.21
2.211
2.221
2.227
2.198
2.236
2.217
2.198
2.183
2.225
2.264
2.252
2.232
2.253
2.206
2.188
2.21
2.172
2.18
2.218
2.257
2.257
2.206
2.191
2.139
2.141
2.185
2.192
2.236
2.181
2.179
2.206
2.21
2.173
2.173
2.169
2.16
2.148
2.167
2.138
2.112
2.078
2.07
2.091
2.096
2.072
2.095
2.134
2.097
2.092
2.131
2.155
2.087
2.091
2.115
2.143
2.166
2.206
2.122
2.115
2.177
2.182
2.124
2.088
2.127
2.098
2.108
2.116
2.169
2.169
2.136
2.101
2.194
2.223
2.174
2.149
2.157
2.193
2.183
2.194
2.165
2.145
2.145
2.12
2.146
2.165
2.178
2.174
2.177
2.193
2.192
2.164
2.132
2.094
2.105
2.14
2.076
2.041
2.058
2.067
2.096
2.103
2.102
2.11
2.118
2.122
2.13
2.169
2.176
2.178
2.154
2.122
2.112
2.12
2.141
2.147
2.126
2.123
2.129
2.13
2.149
2.141
2.123
2.129
2.127
2.148
2.157
2.168
2.163
2.168
2.162
2.169
2.163
2.159
2.137
2.133
2.13
2.134
2.125
2.133
2.135
2.142
2.12
2.142
2.128
2.127
2.15
2.099
2.095
2.141
2.184
2.196
2.126
2.109
2.148
2.125
2.127
2.131
2.129
2.127
2.12
2.135
2.143
2.148
2.153
2.147
2.151
2.16
2.145
2.13
2.126
2.133
2.113
2.117
2.14
2.163
2.157
2.174
2.18
2.178
2.152
2.149
2.158
2.139
2.117
2.087
2.079
2.041
2.05
2.039
2.061
2.072
2.105
2.13
2.162
2.167
2.172
2.161
2.145
2.157
2.142
2.162
2.182
2.181
2.181
2.172
2.129
2.122
2.069
2.045
2.058
2.056
2.034
2.034
2.03
2.02
2.048
2.041
2.031
2.019
2.027
2.065
2.043
2.048
2.045
2.049
2.066
2.098
2.108
2.107
2.125
2.099
2.107
2.098
2.129
2.15
2.128
2.106
2.116
2.118
2.1
2.109
2.119
2.139
2.123
2.099
2.086
2.095
2.098
2.131
2.079
2.087
2.104
2.113
2.112
2.095
2.074
2.067
2.079
2.103
2.061
2.042
2.024
2.023
2.029
2.044
2.036
2.045
2.041
2.057
2.068
2.052
2.043
2.03
2.015
2.016
2.058
2.047
2.031
2.034
2.061
2.066
2.043
2.044
2.046
2.039
2.036
2.042
2.055
2.045
2.049
2.041
2.039
2.038
2.074
2.117
2.07
2.035
2.017
2.025
2.038
2.028
2.005
2.029
2.03
2.027
2.051
2.084
2.095
2.057
2.039
2.053
2.052
2.043
2.051
2.077
2.078
2.096
2.126
2.122
2.055
2.074
2.05
2.053
2.04
2.042
2.027
2.023
2.039
2.04
2.061
2.08
2.085
2.053
2.024
2.046
2.066
2.035
1.99
1.98
1.985
2.025
2.066
2.045
2.059
2.041
2.049
2.04
2.01
2.021
2.01
2.029
2.031
1.998
2.002
2.047
2.027
2.063
2.07
2.069
2.055
2.009
1.981
1.97
1.984
1.967
2.009
2.0
1.986
1.988
1.991
2.009
1.977
1.972
1.967
1.988
1.967
1.978
1.952
1.974
1.961
1.984
1.953
1.981
1.974
1.981
2.01
2.01
2.006
1.987
1.996
2.02
2.035
2.026
2.029
2.03
2.028
1.94
1.939
1.912
1.916
1.936
1.926
1.89
1.904
1.911
1.895
1.896
1.879
1.934
1.9
1.884
1.877
1.873
1.903
1.926
1.93
1.927
1.923
1.91
1.878
1.89
1.873
1.892
1.884
1.914
1.906
1.923
1.941
1.93
1.935
1.923
1.912
1.902
1.899
1.901
1.904
1.909
1.916
1.932
1.94
1.944
1.947
1.946
1.935
1.91
1.895
1.903
1.923
1.926
1.923
1.914
1.92
1.925
1.925
1.919
1.918
1.922
1.928
1.92
1.917
1.925
1.923
1.918
1.903
1.903
1.905
1.908
1.921
1.913
1.893
1.898
1.922
1.941
1.948
1.933
1.918
1.911
1.923
1.932
1.939
1.943
1.948
1.939
1.918
1.92
1.928
1.928
1.93
1.941
1.93
1.932
1.933
1.941
1.928
1.923
1.918
1.919
1.923
1.919
1.924
1.925
1.934
1.935
1.922
1.914
1.921
1.934
1.936
1.921
1.919
1.908
1.904
1.904
1.918
1.932
1.928
1.924
1.927
1.919
1.92
1.925
1.924
1.936
1.932
1.933
1.939
1.935
1.921
1.898
1.89
1.901
1.906
1.881
1.879
1.867
1.845
1.825
1.817
1.811
1.809
1.811
1.819
1.825
1.824
1.84
1.847
1.841
1.845
1.847
1.876
1.869
1.869
1.874
1.872
1.862
1.858
1.867
1.882
1.87
1.881
1.897
1.902
1.887
1.879
1.879
1.883
1.892
1.886
1.884
1.899
1.908
1.909
1.899
1.889
1.871
1.879
1.88
1.887
1.894
1.865
1.852
1.834
1.853
1.854
1.844
1.848
1.836
1.818
1.829
1.831
1.844
1.849
1.853
1.856
1.857
1.863
1.854
1.846
1.874
1.867
1.862
1.865
1.855
1.876
1.87
1.845
1.844
1.856
1.849
1.83
1.841
1.861
1.87
1.865
1.863
1.861
1.864
1.87
1.872
1.869
1.868
1.863
1.866
1.858
1.864
1.873
1.877
1.88
1.878
1.872
1.872
1.875
1.875
1.88
1.879
1.857
1.851
1.859
1.853
1.871
1.891
1.881
1.873
1.881
1.881
1.881
1.882
1.876
1.873
1.874
1.874
1.871
1.866
1.863
1.86
1.866
1.867
1.865
1.855
1.852
1.851
1.854
1.853
1.852
1.852
1.85
1.847
1.845
1.844
1.85
1.844
1.844
1.838
1.83
1.834
1.835
1.859
1.853
1.858
1.867
1.881
1.869
1.87
1.897
1.896
1.896
1.899
1.886
1.875
1.869
1.846
1.841
1.842
1.826
1.832
1.824
1.831
1.843
1.856
1.843
1.83
1.825
1.826
1.832
1.836
1.841
1.844
1.849
1.845
1.844
1.826
1.845
1.861
1.854
1.852
1.852
1.853
1.827
1.835
1.833
1.848
1.857
1.845
1.834
1.841
1.845
1.844
1.846
1.852
1.856
1.852
1.845
1.843
1.839
1.84
1.842
1.84
1.836
1.841
1.852
1.85
1.846
1.853
1.86
1.871
1.87
1.865
1.859
1.86
1.856
1.854
1.849
1.834
1.837
1.839
1.845
1.852
1.856
1.853
1.842
1.843
1.86
1.864
1.847
1.838
1.842
1.839
1.85
1.842
1.849
1.851
1.854
1.857
1.85
1.855
1.854
1.85
1.856
1.853
1.855
1.857
1.859
1.86
1.861
1.858
1.847
1.846
1.853
1.861
1.865
1.868
1.86
1.866
1.859
1.862
1.855
1.852
1.851
1.861
1.86
1.849
1.85
1.855
1.862
1.864
1.868
1.863
1.867
1.865
1.864
1.867
1.869
1.877
1.873
1.879
1.878
1.884
1.884
1.88
1.879
1.881
1.881
1.879
1.88
1.885
1.887
1.897
1.889
1.891
1.894
1.894
1.9
1.898
1.896
1.899
1.897
1.891
1.894
1.891
1.889
1.892
1.892
1.896
1.9
1.898
1.901
1.895
1.892
1.894
1.897
1.899
1.903
1.903
1.9
1.903
1.903
1.903
1.897
1.905
1.906
1.903
1.892
1.877
1.872
1.888
1.881
1.883
1.875
1.876
1.879
1.878
1.877
1.881
1.881
1.885
1.889
1.887
1.878
1.878
1.871
1.868
1.864
1.858
1.856
1.872
1.876
1.871
1.874
1.87
1.87
1.884
1.871
1.869
1.872
1.874
1.867
1.865
1.885
1.89
1.886
1.892
1.887
1.882
1.887
1.887
1.883
1.883
1.887
1.877
1.882
1.882
1.87
1.871
1.879
1.869
1.874
1.881
1.875
1.88
1.875
1.877
1.877
1.866
1.867
1.877
1.871
1.872
1.873
1.866
1.871
1.862
1.875
1.883
1.872
1.864
1.857
1.852
1.856
1.859
1.851
1.856
1.88
1.886
1.891
1.892
1.886
1.881
1.885
1.872
1.879
1.885
1.884
1.873
1.872
1.865
1.865
1.868
1.876
1.88
1.866
1.872
1.875
1.869
1.873
1.882
1.878
1.878
1.872
1.876
1.875
1.881
1.877
1.865
1.861
1.866
1.872
1.874
1.869
1.87
1.861
1.877
1.877
1.87
1.869
1.869
1.864
1.867
1.867
1.876
1.867
1.885
1.874
1.871
1.863
1.86
1.856
1.864
1.878
1.874
1.87
1.87
1.869
1.874
1.873
1.872
1.877
1.877
1.876
1.875
1.879
1.888
1.891
1.887
1.897
1.901
1.904
1.904
1.9
1.903
1.902
1.906
1.904
1.902
1.903
1.899
1.898
1.904
1.905
1.916
1.907
1.905
1.948
2.214
2.219
2.25
2.145
2.17
2.226
2.249
2.152
2.145
2.154
2.252
2.185
2.072
1.99
1.957
1.944
1.936
1.953
1.969
1.971
1.987
2.025
2.071
2.066
2.126
2.137
2.197
2.207
2.155
2.241
2.306
2.332
2.289
2.252
2.221
2.204
2.139
2.145
2.1
2.075
2.067
2.038
2.045
2.077
2.067
2.038
2.029
2.026
2.027
2.041
2.044
2.032
2.034
2.042
2.043
2.045
2.04
2.028
2.027
2.041
2.042
2.039
2.048
2.055
2.053
2.05
2.054
2.051
2.06
2.089
2.09
2.151
2.194
2.14
2.141
2.144
2.107
2.095
2.141
2.167
2.155
2.118
2.089
2.079
2.074
2.091
2.094
2.099
2.108
2.115
2.136
2.132
2.149
2.156
2.138
2.141
2.148
2.133
2.146
2.172
2.223
2.218
2.24
2.237
2.223
2.238
2.221
2.213
2.208
2.196
2.267
2.349
2.449
2.551
2.568
2.602
2.549
2.506
2.525
2.616
2.938
2.993
2.897
2.796
2.821
2.726
2.581
2.526
2.413
2.48
2.421
2.384
2.377
2.369
2.39
2.361
2.303
2.3
2.296
2.277
2.277
2.233
2.237
2.282
2.178
2.208
2.236
2.209
2.222
2.239
2.252
2.266
2.266
2.277
2.289
2.289
2.297
2.294
2.29
2.3
2.298
2.284
2.267
2.277
2.278
2.289
2.306
2.312
2.262
2.257
2.232
2.191
2.17
2.164
2.113
2.112
2.147
2.176
2.196
2.25
2.273
2.242
2.166
2.064
2.134
2.171
2.179
2.139
2.149
2.163
2.212
2.207
2.21
2.189
2.236
2.215
2.252
2.223
2.123
2.138
2.117
2.098
2.111
2.089
2.111
2.165
2.206
2.167
2.16
2.181
2.077
2.014
1.964
1.932
1.951
1.982
2.073
2.076
2.034
1.999
1.977
1.978
1.961
1.999
1.986
1.981
1.991
2.055
2.086
2.089
2.103
2.027
2.001
1.97
1.983
1.999
1.995
1.977
1.945
1.94
1.968
1.964
1.962
1.985
1.959
1.959
1.97
2.021
2.008
1.973
1.994
2.026
2.04
2.036
1.984
2.017
1.945
1.948
1.968
1.983
1.985
2.006
2.027
2.025
2.017
1.944
1.94
1.968
1.981
1.983
1.94
1.957
1.998
1.996
1.989
1.982
1.953
1.954
1.955
1.931
1.919
1.955
1.962
1.963
1.959
1.974
2.0
2.025
2.023
2.034
1.977
1.944
1.97
1.97
1.956
1.961
1.971
1.945
1.939
1.93
1.953
2.0
2.021
1.95
1.931
1.916
1.914
1.912
1.911
1.915
1.915
1.944
1.936
1.92
1.916
1.896
1.882
1.867
1.891
1.911
1.895
1.91
1.934
1.977
1.965
1.94
1.941
1.916
1.918
1.96
1.937
1.887
1.89
1.889
1.89
1.915
1.91
1.906
1.912
1.942
1.939
1.933
1.925
1.931
1.925
1.909
1.913
1.899
1.939
1.926
1.9
1.889
1.894
1.899
1.915
1.924
1.901
1.902
1.922
1.93
1.922
1.926
1.927
1.931
1.925
1.906
1.891
1.893
1.915
1.902
1.891
1.89
1.89
1.918
1.897
1.887
1.89
1.898
1.883
1.898
1.885
1.914
1.89
1.876
1.881
1.885
1.895
1.874
1.859
1.854
1.891
1.898
1.874
1.881
1.908
1.871
1.869
1.876
1.888
1.927
1.934
1.933
1.934
1.939
1.938
1.933
1.928
1.924
1.926
1.917
1.908
1.899
1.885
1.881
1.884
1.873
1.873
1.88
1.884
1.88
1.875
1.881
1.891
1.871
1.884
1.92
1.927
1.897
1.876
1.883
1.896
1.889
1.887
1.896
1.888
1.884
1.88
1.892
1.906
1.877
1.873
1.857
1.865
1.894
1.885
1.878
1.885
1.895
1.902
1.891
1.879
1.875
1.877
1.886
1.879
1.874
1.88
1.893
1.892
1.882
1.888
1.888
1.892
1.896
1.891
1.893
1.9
1.894
1.886
1.881
1.882
1.888
1.883
1.875
1.877
1.888
1.892
1.889
1.886
1.885
1.884
1.885
1.889
1.887
1.882
1.881
1.878
1.88
1.883
1.889
1.877
1.872
1.874
1.85
1.852
1.857
1.841
1.848
1.869
1.882
1.895
1.903
1.906
1.893
1.9
1.909
1.907
1.911
1.908
1.903
1.908
1.878
1.843
1.847
1.869
1.882
1.853
1.843
1.838
1.827
1.842
1.863
1.867
1.849
1.845
1.855
1.855
1.854
1.837
1.845
1.857
1.857
1.854
1.857
1.857
1.86
1.873
1.852
1.853
1.861
1.861
1.874
1.873
1.857
1.845
1.849
1.846
1.841
1.836
1.846
1.853
1.862
1.862
1.844
1.845
1.862
1.849
1.849
1.868
1.865
1.874
1.869
1.842
1.838
1.84
1.844
1.848
1.839
1.848
1.853
1.86
1.857
1.848
1.854
1.848
1.843
1.836
1.839
1.825
1.843
1.852
1.837
1.831
1.846
1.824
1.824
1.834
1.837
1.852
1.846
1.844
1.834
1.843
1.844
1.833
1.832
1.829
1.832
1.84
1.851
1.865
1.879
1.874
1.859
1.862
1.878
1.896
1.891
1.893
1.897
1.909
1.914
1.906
1.925
1.924
1.931
1.932
1.94
1.96
1.956
1.938
1.949
1.957
1.945
1.92
1.924
1.94
1.948
1.958
1.934
1.944
1.975
1.96
1.963
1.968
1.957
1.963
1.979
1.979
1.969
1.95
1.947
1.99
1.997
1.992
1.993
1.974
1.954
1.955
1.946
1.994
2.014
2.024
2.049
2.038
1.996
1.998
2.009
2.027
2.003
2.0
1.99
2.006
1.998
1.989
1.987
1.984
1.965
1.972
1.942
1.943
1.938
1.933
1.933
1.934
1.927
1.928
1.924
1.923
1.926
1.936
1.939
1.936
1.929
1.933
1.933
1.936
1.936
1.932
1.932
1.933
1.932
1.934
1.937
1.936
1.936
1.942
1.944
1.939
1.946
1.944
1.945
1.946
1.943
1.944
1.943
1.948
1.945
1.949
1.944
1.948
1.949
1.95
1.948
1.952
1.952
1.953
1.951
1.953
1.956
1.955
1.96
1.959
1.957
1.957
1.963
1.958
1.96
1.959
1.959
1.961
1.96
1.961
1.959
1.957
1.96
1.959
1.963
1.962
1.958
1.962
1.962
1.963
1.962
1.96
1.963
1.961
1.964
1.962
1.967
1.963
1.965
1.962
1.963
1.967
1.968
1.967
1.967
1.967
1.965
1.967
1.967
1.965
1.966
1.972
1.966
1.966
1.966
1.962
1.964
1.968
1.966
1.965
1.962
1.965
1.963
1.964
1.962
1.962
1.961
1.963
1.961
1.957
1.962
1.962
1.961
1.962
1.96
1.958
1.96
1.962
1.959
1.961
1.961
1.961
1.959
1.961
1.959
1.956
1.956
1.957
1.957
1.959
1.953
1.961
1.959
1.962
1.963
1.961
1.959
1.961
1.962
1.962
1.959
1.96
1.956
1.958
1.957
1.951
1.949
1.944
1.947
1.948
1.944
1.951
1.946
1.941
1.941
1.946
1.95
1.958
1.951
1.958
1.957
1.961
1.956
1.955
1.955
1.959
1.953
1.951
1.958
1.952
1.956
1.951
1.958
1.953
1.953
1.954
1.954
1.955
1.953
1.952
1.952
1.95
1.952
1.95
1.952
1.951
1.95
1.957
1.954
1.952
1.949
1.953
1.953
1.95
1.946
1.95
1.949
1.949
1.952
1.945
1.949
1.952
1.948
1.946
1.947
1.946
1.946
1.946
1.942
1.942
1.943
1.945
1.948
1.946
1.946
1.945
1.939
1.936
1.941
1.942
1.943
1.942
1.935
1.939
1.937
1.935
1.938
1.936
1.939
1.94
1.936
1.936
1.934
1.933
1.936
1.936
1.937
1.936
1.933
1.936
1.932
1.934
1.935
1.933
1.933
1.933
1.932
1.934
1.935
1.929
1.928
1.929
1.926
1.925
1.927
1.924
1.925
1.925
1.924
1.922
1.922
1.925
1.924
1.923
1.924
1.927
1.927
1.927
1.919
1.924
1.923
1.926
1.921
1.923
1.921
1.921
1.918
1.917
1.918
1.918
1.917
1.916
1.917
1.919
1.918
1.916
1.915
1.923
1.922
1.921
1.915
1.915
1.923
1.915
1.911
1.916
1.915
1.916
1.917
1.918
1.918
1.914
1.916
1.911
1.913
1.919
1.916
1.916
1.919
1.917
1.918
1.92
1.918
1.914
1.919
1.917
1.917
1.913
1.92
1.921
1.924
1.961
1.97
1.959
1.939
1.927
1.916
1.919
1.918
1.92
1.917
1.931
1.955
1.946
1.947
1.949
1.944
1.935
1.927
1.926
1.925
1.922
1.948
1.937
1.932
1.933
1.939
1.959
1.995
1.983
1.978
1.979
1.979
1.989
1.974
1.962
1.972
1.972
1.968
1.96
1.956
1.954
1.952
1.958
1.976
1.981
2.007
2.007
2.019
2.014
1.978
1.964
1.958
1.952
1.95
1.945
1.95
1.954
1.946
1.938
1.939
1.942
1.942
1.938
1.94
1.94
1.941
1.941
1.943
1.943
1.949
1.946
1.95
1.955
1.955
1.954
1.949
1.945
1.945
1.948
1.946
1.948
1.945
1.957
1.956
1.963
1.953
1.952
1.954
1.955
1.956
1.954
1.95
1.952
1.951
1.952
1.952
1.949
1.955
1.954
1.949
1.954
1.959
1.952
1.959
1.954
1.954
1.96
1.956
1.956
1.954
1.957
1.96
1.957
1.977
2.017
2.072
2.032
1.993
1.998
1.984
2.01
1.987
1.967
1.968
1.965
1.966
1.975
1.973
1.977
1.979
1.976
1.985
2.04
2.096
2.101
2.18
2.184
2.215
2.179
2.205
2.227
2.376
2.418
2.229
2.35
2.205
2.332
2.378
2.375
2.376
2.394
2.369
2.269
2.144
2.084
2.106
2.093
2.058
2.026
2.033
2.022
2.029
2.026
2.05
2.023
2.035
2.04
2.041
2.033
2.039
2.046
2.048
2.055
2.059
2.067
2.075
2.083
2.055
2.038
2.048
2.055
2.045
2.06
2.054
2.034
2.039
2.032
2.028
2.028
2.03
2.042
2.039
2.057
2.065
2.059
2.055
2.052
2.068
2.075
2.061
2.041
2.05
2.065
2.074
2.073
2.084
2.093
2.105
2.093
2.092
2.102
2.108
2.089
2.08
2.073
2.091
2.098
2.089
2.079
2.092
2.09
2.1
2.11
2.123
2.126
2.125
2.115
2.129
2.14
2.135
2.131
2.175
2.148
2.148
2.133
2.14
2.144
2.161
2.163
2.158
2.144
2.147
2.16
2.173
2.165
2.173
2.186
2.184
2.186
2.178
2.182
2.181
2.182
2.186
2.205
2.207
2.202
2.209
2.217
2.22
2.21
2.223
2.232
2.222
2.231
2.25
2.25
2.248
2.257
2.251
2.253
2.256
2.283
2.278
2.28
2.28
2.282
2.272
2.273
2.284
2.278
2.279
2.272
2.281
2.277
2.274
2.27
2.278
2.284
2.286
2.281
2.275
2.275
2.288
2.295
2.305
2.315
2.31
2.303
2.293
2.288
2.288
2.291
2.3
2.291
2.289
2.286
2.288
2.283
2.276
2.281
2.269
2.279
2.263
2.257
2.245
2.243
2.248
2.239
2.259
2.256
2.249
2.248
2.235
2.226
2.239
2.248
2.248
2.252
2.249
2.242
2.25
2.249
2.244
2.244
2.245
2.248
2.245
2.239
2.243
2.241
2.237
2.24
2.237
2.238
2.242
2.24
2.237
2.237
2.243
2.244
2.242
2.244
2.245
2.245
2.237
2.242
2.245
2.244
2.251
2.245
2.244
2.247
2.251
2.251
2.252
2.25
2.255
2.262
2.257
2.263
2.265
2.272
2.261
2.264
2.265
2.256
2.263
2.276
2.263
2.266
2.281
2.265
2.258
2.268
2.266
2.271
2.278
2.26
2.263
2.261
2.266
2.27
2.268
2.268
2.267
2.275
2.267
2.265
2.276
2.294
2.298
2.285
2.277
2.279
2.277
2.289
2.286
2.282
2.294
2.288
2.283
2.28
2.289
2.291
2.286
2.279
2.277
2.276
2.282
2.287
2.289
2.299
2.352
2.41
2.379
2.358
2.379
2.375
2.357
2.336
2.388
2.378
2.458
2.459
2.4
2.389
2.395
2.389
2.351
2.367
2.372
2.375
2.381
2.378
2.389
2.381
2.39
2.379
2.373
2.368
2.36
2.347
2.353
2.344
2.346
2.343
2.348
2.348
2.353
2.355
2.358
2.366
2.366
2.356
2.357
2.356
2.352
2.347
2.348
2.354
2.35
2.348
2.351
2.35
2.355
2.356
2.367
2.38
2.375
2.388
2.384
2.383
2.385
2.39
2.404
2.411
2.404
2.409
2.407
2.405
2.403
2.42
2.424
2.442
2.464
2.439
2.434
2.444
2.463
2.45
2.443
2.47
2.444
2.421
2.446
2.436
2.487
2.476
2.493
2.453
2.496
2.517
2.487
2.48
2.56
2.575
2.527
2.586
2.575
2.525
2.487
2.495
2.487
2.464
2.455
2.459
2.445
2.431
2.423
2.424
2.441
2.421
2.423
2.447
2.522
2.523
2.498
2.522
2.609
2.749
2.867
2.826
2.758
2.82
2.977
3.023
2.974
2.983
2.979
2.846
2.998
2.879
2.96
3.011
2.97
2.835
2.839
2.836
2.85
2.85
2.848
2.914
2.901
2.834
2.821
2.795
2.783
2.81
2.81
2.804
2.793
2.717
2.666
2.744
2.784
2.78
2.677
2.736
2.719
2.714
2.752
2.763
2.787
2.768
2.764
2.771
2.737
2.725
2.759
2.759
2.751
2.799
2.764
2.77
2.759
2.715
2.676
2.703
2.717
2.637
2.662
2.679
2.665
2.722
2.749
2.751
2.721
2.721
2.685
2.736
2.753
2.794
2.736
2.817
2.86
2.855
2.798
2.759
2.793
2.765
2.754
2.807
2.812
2.804
2.791
2.82
2.828
2.774
2.767
2.747
2.718
2.803
2.825
2.802
2.815
2.799
2.897
2.842
2.788
2.82
2.834
2.835
2.823
2.808
2.762
2.734
2.67
2.662
2.727
2.706
2.682
2.679
2.722
2.694
2.723
2.818
2.834
2.812
2.767
2.859
2.823
2.773
2.794
2.987
2.961
2.924
2.858
2.901
2.844
2.83
2.848
2.793
2.777
2.808
2.809
2.788
2.87
2.864
2.909
2.872
2.913
3.149
3.846
4.268
4.022
4.343
4.555
4.069
3.971
3.954
3.822
3.656
3.702
3.472
3.34
3.438
3.937
4.949
5.113
4.62
5.179
5.107
5.51
5.024
5.653
6.743
6.336
6.178
6.874
7.001
7.033
6.666
6.57
6.817
6.376
6.716
5.613
5.41
6.042
7.024
7.587
7.805
7.567
7.085
6.687
6.46
6.487
6.297
5.717
5.165
4.759
4.34
4.103
4.187
4.467
5.021
4.957
4.699
4.698
4.427
4.242
4.365
4.236
4.306
4.387
4.406
4.146
4.088
4.059
4.08
4.101
4.219
4.265
4.22
4.098
4.032
4.01
4.028
4.086
4.133
4.117
4.151
4.278
4.322
4.303
4.354
4.494
4.563
4.616
4.633
4.664
4.86
4.726
4.41
4.384
4.556
4.622
4.687
4.732
4.701
4.538
4.641
4.661
4.589
4.607
4.663
4.76
4.776
4.746
4.937
5.028
4.937
4.863
4.952
4.779
4.678
4.529
4.578
4.636
4.649
4.687
4.72
4.82
4.797
4.823
4.839
4.756
4.768
4.797
4.765
4.663
4.805
4.783
4.603
4.866
4.939
4.982
5.066
4.894
4.629
4.554
5.032
4.94
4.538
4.949
5.859
5.911
5.553
5.268
5.302
5.556
5.41
5.402
5.409
5.285
5.152
4.971
4.961
4.706
4.872
5.117
5.182
5.144
4.94
5.005
5.052
4.868
4.879
5.118
5.079
5.128
5.217
5.298
5.365
5.343
5.097
5.133
4.954
4.927
5.144
5.093
4.966
4.846
4.556
4.539
4.573
4.568
4.515
4.525
4.442
4.469
4.318
4.263
4.257
4.298
4.483
4.451
4.399
4.415
4.38
4.302
4.334
4.365
4.322
4.301
4.277
4.317
4.355
4.341
4.355
4.367
4.343
4.329
4.345
4.343
4.3
4.286
4.326
4.309
4.273
4.284
4.273
4.241
4.147
4.095
4.214
4.077
4.076
4.106
4.117
4.123
4.131
4.078
4.111
4.155
4.081
3.956
3.984
4.08
4.094
4.117
4.165
4.2
4.194
4.168
4.178
4.181
4.157
4.156
4.128
4.141
4.133
4.089
4.106
4.145
4.178
4.157
4.145
4.126
4.113
4.037
3.947
3.952
4.039
4.066
4.012
3.968
3.997
4.084
4.099
4.064
4.056
4.024
3.999
4.049
4.026
3.988
4.005
4.053
4.024
4.079
4.178
4.145
4.146
4.122
4.077
3.937
3.857
3.934
3.903
3.827
3.796
3.633
3.67
3.776
3.814
3.839
3.847
3.843
3.815
3.876
3.856
3.81
3.872
3.843
3.841
3.811
3.788
3.664
3.688
3.729
3.826
3.795
3.767
3.663
3.658
3.666
3.718
3.819
3.83
3.772
3.727
3.725
3.69
3.672
3.635
3.589
3.611
3.606
3.612
3.579
3.549
3.578
3.583
3.538
3.55
3.579
3.614
3.632
3.622
3.596
3.517
3.424
3.274
3.278
3.252
3.222
3.214
3.141
3.065
3.008
2.994
3.047
3.132
3.158
3.197
3.258
3.325
3.348
3.289
3.39
3.404
3.344
3.445
3.455
3.419
3.299
3.291
3.239
3.018
2.963
2.972
3.081
3.005
3.172
3.165
3.194
3.241
3.274
3.235
3.236
3.21
3.095
2.99
3.124
3.264
3.197
3.19
3.109
3.215
3.066
2.982
3.092
3.147
3.171
3.211
3.213
3.286
3.291
3.285
3.299
3.298
3.291
3.295
3.295
3.298
3.291
3.297
3.286
3.262
3.262
3.271
3.279
3.284
3.276
3.264
3.225
3.212
3.198
3.202
3.237
3.252
3.239
3.26
3.256
3.213
3.216
3.24
3.241
3.203
3.218
3.2
3.165
3.145
3.148
3.151
3.116
3.13
3.133
3.143
3.133
3.112
3.135
3.139
3.141
3.166
3.171
3.146
3.17
3.198
3.168
3.086
3.102
3.084
3.072
3.094
3.062
3.091
3.091
3.082
3.101
3.075
3.083
3.077
3.084
3.063
3.007
2.993
3.011
3.038
3.056
3.075
3.057
3.062
3.052
3.051
3.046
3.065
3.058
3.042
3.024
3.03
3.023
3.032
2.999
2.985
2.969
2.981
2.995
3.003
3.009
2.976
2.985
2.984
2.977
2.974
2.955
2.982
2.958
2.938
2.909
2.886
2.884
2.87
2.879
2.878
2.932
2.956
2.958
2.971
2.966
2.947
2.939
2.932
2.957
2.98
2.995
2.991
2.978
2.912
2.864
2.882
2.904
2.922
2.896
2.889
2.929
3.002
2.949
2.944
2.964
3.012
3.0
2.931
2.933
2.939
2.896
2.879
2.848
2.871
2.901
2.886
2.925
2.933
2.922
2.931
2.921
2.922
2.959
2.982
2.993
2.979
2.943
2.957
2.966
2.913
2.896
2.899
2.916
2.919
2.919
2.898
2.885
2.876
2.896
2.888
2.893
2.922
2.91
2.9
2.93
2.883
2.857
2.856
2.899
2.89
2.869
2.914
2.869
2.886
2.891
2.893
2.879
2.862
2.849
2.847
2.838
2.837
2.85
2.854
2.831
2.873
2.977
3.013
3.071
3.116
3.092
3.053
3.038
3.001
2.956
2.895
2.906
2.883
2.886
2.87
2.849
2.837
2.823
2.841
2.855
2.832
2.797
2.796
2.8
2.796
2.819
2.828
2.828
2.833
2.854
2.853
2.854
2.863
2.872
2.868
2.878
2.88
2.882
2.871
2.871
2.875
2.886
2.894
2.889
2.878
2.887
2.942
2.929
2.91
2.934
2.92
2.908
2.914
2.886
2.884
2.887
2.88
2.892
2.901
2.901
2.916
2.932
2.958
2.956
2.965
2.95
2.9
2.846
2.864
2.904
2.922
2.919
2.929
2.944
2.945
2.931
2.924
2.913
2.924
2.943
2.96
2.973
2.989
2.987
2.97
2.981
2.959
2.969
2.98
2.972
2.979
2.973
2.98
2.987
2.983
2.982
2.978
2.982
2.993
2.995
3.004
3.003
3.014
3.008
3.015
3.015
3.012
3.012
3.021
3.034
3.056
3.058
3.073
3.05
3.044
3.044
3.052
3.055
3.051
3.05
3.029
3.015
3.03
3.052
3.062
3.068
3.07
3.062
3.07
3.076
3.109
3.1
3.129
3.085
3.093
3.151
3.152
3.108
3.101
3.111
3.105
3.116
3.134
3.126
3.122
3.124
3.13
3.129
3.131
3.131
3.127
3.123
3.142
3.158
3.18
3.165
3.159
3.153
3.171
3.181
3.188
3.196
3.223
3.208
3.197
3.191
3.201
3.228
3.233
3.255
3.249
3.225
3.157
3.099
2.993
3.031
3.014
3.048
3.077
3.047
3.001
2.98
3.052
2.999
3.032
3.038
3.126
3.193
3.22
3.183
3.204
3.206
3.176
3.193
3.196
3.126
3.082
3.151
3.206
3.186
3.12
3.145
3.146
3.14
3.145
3.199
3.271
3.264
3.286
3.301
3.278
3.284
3.252
3.226
3.177
3.152
3.137
3.074
3.122
3.184
3.257
3.115
3.162
3.164
3.26
3.271
3.297
3.268
3.286
3.303
3.292
3.295
3.302
3.276
3.246
3.265
3.276
3.303
3.303
3.299
3.291
3.303
3.319
3.311
3.274
3.258
3.275
3.251
3.266
3.268
3.298
3.301
3.28
3.274
3.276
3.278
3.268
3.256
3.255
3.264
3.255
3.255
3.246
3.219
3.215
3.215
3.227
3.194
3.148
3.175
3.183
3.173
3.114
3.143
3.083
3.145
3.174
3.048
3.119
3.153
3.057
3.011
2.982
2.966
2.999
3.071
3.166
3.182
3.194
3.19
3.193
3.194
3.215
3.204
3.219
3.207
3.202
3.197
3.193
3.19
3.178
3.182
3.185
3.172
3.156
3.163
3.163
3.161
3.156
3.161
3.159
3.155
3.155
3.151
3.141
3.143
3.138
3.13
3.13
3.121
3.122
3.118
3.108
3.096
3.083
3.074
3.092
3.078
3.072
3.071
3.055
3.054
3.057
3.053
3.054
3.043
3.042
3.038
3.01
2.985
2.981
3.001
2.99
2.993
3.009
2.985
2.975
2.944
2.92
2.969
2.989
2.932
2.985
2.99
2.979
2.914
2.947
2.967
2.938
2.937
2.914
2.948
2.878
2.874
2.8
2.805
2.82
2.817
2.813
2.826
2.849
2.853
2.845
2.849
2.846
2.846
2.846
2.844
2.844
2.837
2.836
2.832
2.831
2.853
2.841
2.85
2.849
2.846
2.848
2.84
2.819
2.779
2.78
2.727
2.713
2.638
2.668
2.693
2.705
2.678
2.703
2.723
2.726
2.754
2.752
2.781
2.772
2.766
2.792
2.794
2.784
2.752
2.753
2.764
2.767
2.765
2.764
2.715
2.644
2.598
2.591
2.555
2.587
2.602
2.625
2.588
2.551
2.608
2.643
2.649
2.665
2.684
2.685
2.685
2.661
2.633
2.652
2.668
2.671
2.688
2.69
2.693
2.689
2.688
2.685
2.676
2.672
2.652
2.636
2.613
2.628
2.624
2.589
2.58
2.585
2.633
2.557
2.599
2.616
2.625
2.661
2.636
2.662
2.668
2.674
2.674
2.682
2.676
2.665
2.673
2.655
2.662
2.647
2.634
2.664
2.674
2.671
2.663
2.654
2.63
2.598
2.622
2.566
2.581
2.583
2.53
2.579
2.613
2.562
2.561
2.481
2.476
2.475
2.454
2.456
2.454
2.45
2.453
2.455
2.448
2.445
2.446
2.446
2.458
2.461
2.472
2.473
2.479
2.477
2.47
2.463
2.438
2.437
2.435
2.445
2.438
2.428
2.417
2.435
2.433
2.427
2.432
2.435
2.427
2.432
2.428
2.436
2.447
2.455
2.456
2.446
2.433
2.439
2.423
2.372
2.353
2.36
2.375
2.38
2.401
2.407
2.417
2.412
2.401
2.41
2.41
2.404
2.405
2.406
2.398
2.397
2.388
2.386
2.385
2.388
2.382
2.388
2.383
2.381
2.376
2.379
2.382
2.381
2.38
2.377
2.376
2.381
2.385
2.369
2.359
2.35
2.349
2.349
2.339
2.336
2.339
2.346
2.337
2.333
2.335
2.337
2.34
2.33
2.321
2.325
2.321
2.316
2.313
2.312
2.318
2.32
2.314
2.309
2.308
2.314
2.319
2.327
2.314
2.313
2.314
2.316
2.313
2.317
2.328
2.323
2.312
2.338
2.343
2.321
2.323
2.321
2.331
2.324
2.32
2.329
2.319
2.341
2.332
2.322
2.329
2.328
2.339
2.329
2.308
2.344
2.362
2.35
2.317
2.309
2.312
2.31
2.309
2.316
2.31
2.316
2.294
2.288
2.289
2.296
2.296
2.287
2.291
2.295
2.274
2.283
2.296
2.302
2.298
2.294
2.292
2.295
2.295
2.291
2.285
2.283
2.277
2.286
2.292
2.284
2.278
2.268
2.265
2.263
2.249
2.267
2.263
2.259
2.265
2.259
2.275
2.277
2.263
2.264
2.259
2.26
2.26
2.258
2.251
2.244
2.245
2.245
2.24
2.241
2.243
2.243
2.239
2.232
2.222
2.221
2.218
2.228
2.232
2.235
2.246
2.253
2.238
2.241
2.238
2.234
2.235
2.233
2.226
2.217
2.232
2.227
2.231
2.243
2.25
2.253
2.25
2.244
2.24
2.233
2.234
2.229
2.229
2.228
2.229
2.226
2.24
2.258
2.265
2.241
2.244
2.242
2.24
2.244
2.251
2.254
2.243
2.23
2.234
2.233
2.228
2.229
2.229
2.225
2.227
2.224
2.217
2.217
2.217
2.206
2.21
2.214
2.215
2.211
2.212
2.21
2.211
2.227
2.226
2.213
2.208
2.202
2.193
2.199
2.191
2.192
2.189
2.187
2.182
2.191
2.184
2.187
2.298
2.483
2.321
2.235
2.201
2.3
2.364
2.376
2.311
2.297
2.276
2.26
2.417
2.393
2.367
2.455
2.493
2.393
2.372
2.331
2.324
2.309
2.266
2.31
2.391
2.352
2.253
2.215
2.237
2.24
2.182
2.177
2.189
2.202
2.22
2.216
2.206
2.201
2.206
2.197
2.193
2.207
2.19
2.184
2.187
2.199
2.23
2.227
2.206
2.205
2.214
2.222
2.222
2.235
2.228
2.216
2.227
2.228
2.229
2.236
2.231
2.241
2.235
2.227
2.243
2.252
2.249
2.268
2.252
2.245
2.244
2.263
2.255
2.276
2.284
2.282
2.276
2.279
2.276
2.274
2.28
2.297
2.305
2.308
2.311
2.308
2.333
2.332
2.321
2.337
2.346
2.34
2.331
2.322
2.346
2.352
2.342
2.347
2.347
2.353
2.358
2.363
2.347
2.363
2.389
2.403
2.401
2.392
2.426
2.421
2.432
2.435
2.42
2.428
2.429
2.441
2.449
2.448
2.43
2.428
2.44
2.452
2.449
2.452
2.463
2.466
2.475
2.485
2.509
2.537
2.507
2.491
2.501
2.517
2.54
2.542
2.533
2.542
2.53
2.525
2.519
2.539
2.562
2.585
2.588
2.581
2.589
2.603
2.611
2.593
2.595
2.621
2.624
2.632
2.657
2.643
2.638
2.645
2.67
2.672
2.655
2.655
2.664
2.657
2.672
2.671
2.696
2.732
2.703
2.714
2.713
2.718
2.736
2.731
2.75
2.758
2.749
2.756
2.734
2.733
2.76
2.765
2.819
2.879
2.801
2.799
2.784
2.799
2.802
2.805
2.792
2.818
2.831
2.859
2.865
2.832
2.802
2.799
2.823
2.845
2.839
2.832
2.83
2.833
2.875
2.892
2.879
2.877
2.905
2.906
2.913
2.895
2.91
2.91
2.911
2.902
2.916
2.908
2.892
2.908
2.925
2.901
2.911
2.91
2.923
2.94
2.934
2.915
2.915
2.908
2.911
2.905
2.909
2.921
2.932
2.955
2.95
2.954
2.93
2.935
2.916
2.902
2.919
2.925
2.933
2.93
2.929
2.936
2.943
2.948
2.94
2.951
2.964
2.979
2.975
2.971
2.958
2.967
2.954
2.956
2.951
2.957
2.963
2.956
2.937
2.951
2.949
2.945
2.965
2.96
2.952
2.95
2.963
2.962
2.942
2.915
2.936
2.947
2.95
2.943
2.946
2.939
2.919
2.914
2.9
2.914
2.934
2.945
2.943
2.957
2.954
2.947
2.948
2.945
2.935
2.955
2.965
2.962
2.954
2.95
2.937
2.945
2.944
2.94
2.94
2.942
2.935
2.936
2.942
2.943
2.94
2.943
2.94
2.939
2.936
2.942
2.948
2.94
2.943
2.938
2.941
2.942
2.945
2.93
2.936
2.936
2.947
2.94
2.938
2.938
2.933
2.935
2.939
2.938
2.935
2.938
2.941
2.945
2.943
2.954
2.95
2.942
2.94
2.942
2.942
2.942
2.949
2.945
2.948
2.953
2.952
2.957
2.962
2.969
2.967
2.959
2.961
2.967
2.971
2.97
2.964
2.964
2.961
2.963
2.966
2.976
2.976
2.977
2.977
2.982
2.987
2.991
2.977
2.986
2.985
2.992
2.987
2.989
2.987
2.99
2.998
3.011
3.001
3.003
3.028
3.019
3.014
3.017
3.015
3.01
3.018
3.008
3.005
3.008
3.004
3.005
3.012
2.999
2.993
2.993
3.004
3.004
2.99
2.996
3.003
3.003
3.001
3.016
2.996
3.001
2.995
2.997
3.007
3.01
3.004
3.001
2.997
2.995
2.99
2.996
3.002
3.019
3.006
2.995
2.989
2.99
2.988
2.983
2.996
2.992
2.992
2.987
2.981
2.984
2.983
2.99
2.997
2.994
2.982
2.976
2.987
2.971
2.974
2.969
2.988
2.966
2.96
2.981
2.979
2.979
2.975
2.966
2.957
2.943
2.941
2.952
2.969
2.981
2.967
2.956
2.962
2.964
2.972
2.969
2.972
2.966
2.977
2.973
2.975
2.976
2.971
2.981
2.974
2.973
2.971
2.972
2.975
2.974
2.971
2.966
2.968
2.962
2.967
2.967
2.969
2.968
2.961
2.959
2.96
2.954
2.961
2.955
2.951
2.957
2.958
2.959
2.96
2.951
2.951
2.953
2.954
2.9
2.897
2.901
2.916
2.892
2.91
2.923
2.942
2.946
2.942
2.934
2.932
2.928
2.923
2.934
2.93
2.932
2.938
2.925
2.928
2.931
2.911
2.902
2.921
2.926
2.924
2.921
2.919
2.909
2.908
2.899
2.895
2.883
2.856
2.807
2.836
2.893
2.9
2.903
2.88
2.877
2.889
2.897
2.901
2.893
2.891
2.889
2.886
2.885
2.879
2.877
2.874
2.878
2.875
2.864
2.867
2.856
2.86
2.859
2.869
2.866
2.861
2.866
2.862
2.86
2.858
2.857
2.858
2.856
2.852
2.852
2.85
2.849
2.845
2.849
2.841
2.842
2.841
2.853
2.856
2.849
2.848
2.846
2.843
2.837
2.828
2.829
2.816
2.823
2.821
2.815
2.814
2.817
2.811
2.804
2.804
2.804
2.802
2.802
2.8
2.791
2.798
2.787
2.78
2.782
2.777
2.783
2.769
2.77
2.773
2.767
2.766
2.766
2.762
2.759
2.758
2.757
2.737
2.742
2.752
2.743
2.736
2.734
2.728
2.724
2.724
2.725
2.725
2.728
2.732
2.73
2.724
2.725
2.725
2.711
2.665
2.562
2.433
2.399
2.464
2.518
2.426
2.462
2.421
2.31
2.269
2.275
2.335
2.322
2.389
2.352
2.313
2.339
2.44
2.489
2.463
2.338
2.311
2.358
2.444
2.443
2.258
2.239
2.272
2.34
2.273
2.231
2.191
2.143
2.202
2.281
2.299
2.31
2.307
2.186
2.174
2.131
2.196
2.259
2.327
2.425
2.493
2.52
2.434
2.457
2.504
2.408
2.323
2.422
2.459
2.443
2.323
2.22
2.236
2.272
2.224
2.227
2.299
2.407
2.415
2.444
2.403
2.385
2.321
2.327
2.288
2.279
2.343
2.346
2.361
2.427
2.449
2.388
2.359
2.418
2.322
2.347
2.334
2.384
2.367
2.379
2.414
2.384
2.361
2.36
2.361
2.34
2.345
2.339
2.363
2.332
2.32
2.291
2.282
2.263
2.232
2.242
2.257
2.26
2.248
2.248
2.238
2.212
2.207
2.18
2.171
2.193
2.18
2.183
2.188
2.147
2.097
2.092
2.063
2.04
2.17
2.125
2.118
2.182
2.157
2.152
2.16
2.256
2.247
2.265
2.223
2.214
2.251
2.284
2.204
2.178
2.174
2.235
2.167
2.109
2.187
2.289
2.224
2.271
2.26
2.252
2.16
2.156
2.24
2.262
2.23
2.204
2.189
2.239
2.226
2.201
2.166
2.154
2.142
2.133
2.19
2.139
2.19
2.157
2.131
2.136
2.16
2.12
2.126
2.119
2.133
2.136
2.114
2.11
2.173
2.219
2.147
2.201
2.201
2.165
2.174
2.19
2.208
2.21
2.233
2.235
2.203
2.195
2.161
2.126
2.178
2.151
2.144
2.151
2.175
2.127
2.138
2.184
2.23
2.185
2.133
2.092
2.062
2.028
2.068
2.074
2.065
2.05
2.0
1.944
1.917
1.977
1.98
1.996
2.022
1.97
2.064
2.044
1.966
1.957
1.981
2.055
2.023
2.043
2.038
2.016
1.99
2.012
2.041
2.065
2.025
2.01
1.982
1.98
2.016
2.051
2.031
2.03
2.042
2.067
2.078
2.074
2.106
2.127
2.136
2.145
2.144
2.141
2.141
2.126
2.144
2.144
2.138
2.141
2.13
2.13
2.14
2.133
2.12
2.122
2.11
2.102
2.113
2.107
2.101
2.114
2.129
2.117
2.116
2.119
2.103
2.098
2.096
2.093
2.095
2.124
2.142
2.166
2.172
2.175
2.17
2.158
2.157
2.166
2.163
2.169
2.168
2.165
2.177
2.17
2.162
2.169
2.181
2.18
2.187
2.185
2.153
2.147
2.112
2.095
2.085
2.098
2.101
2.108
2.124
2.129
2.129
2.145
2.15
2.144
2.112
2.101
2.12
2.121
2.127
2.142
2.16
2.158
2.167
2.155
2.169
2.183
2.19
2.186
2.195
2.194
2.198
2.198
2.208
2.219
2.213
2.182
2.177
2.21
2.203
2.192
2.196
2.181
2.174
2.18
2.19
2.183
2.185
2.199
2.2
2.202
2.198
2.199
2.204
2.202
2.186
2.191
2.199
2.194
2.189
2.192
2.198
2.203
2.205
2.206
2.201
2.209
2.206
2.208
2.205
2.208
2.21
2.208
2.192
2.191
2.187
2.195
2.186
2.18
2.191
2.181
2.19
2.2
2.195
2.185
2.195
2.184
2.177
2.179
2.184
2.19
2.191
2.18
2.172
2.177
2.187
2.19
2.188
2.188
2.197
2.179
2.177
2.172
2.175
2.175
2.182
2.179
2.175
2.174
2.174
2.173
2.174
2.174
2.164
2.168
2.175
2.183
2.17
2.169
2.175
2.174
2.171
2.175
2.177
2.173
2.163
2.154
2.16
2.162
2.16
2.162
2.158
2.165
2.162
2.165
2.172
2.181
2.183
2.18
2.174
2.181
2.178
2.17
2.171
2.171
2.183
2.182
2.174
2.178
2.186
2.176
2.167
2.166
2.188
2.19
2.161
2.167
2.163
2.149
2.153
2.149
2.155
2.148
2.143
2.148
2.152
2.151
2.156
2.178
2.17
2.16
2.065
2.102
2.044
2.034
2.013
1.97
2.055
2.068
2.098
2.067
2.101
2.08
2.099
2.122
2.114
2.111
2.107
2.114
2.111
2.109
2.103
2.1
2.1
2.106
2.106
2.117
2.122
2.114
2.117
2.114
2.117
2.127
2.118
2.112
2.13
2.105
2.109
2.105
2.105
2.112
2.097
2.098
2.093
2.101
2.107
2.12
2.116
2.121
2.113
2.106
2.104
2.081
2.079
2.086
2.085
2.092
2.094
2.089
2.1
2.09
2.083
2.077
2.082
2.084
2.081
2.087
2.095
2.096
2.096
2.099
2.098
2.093
2.088
2.079
2.076
2.079
2.08
2.086
2.087
2.095
2.092
2.071
2.083
2.081
2.092
2.082
2.102
2.125
2.085
2.075
2.083
2.091
2.106
2.124
2.129
2.115
2.082
2.075
2.081
2.087
2.082
2.098
2.095
2.074
2.081
2.1
2.094
2.067
2.075
2.092
2.076
2.087
2.065
2.057
2.051
2.051
2.052
2.033
2.067
2.055
2.052
2.04
2.047
2.037
2.035
2.024
2.018
2.031
2.036
2.037
2.033
2.028
2.031
2.028
2.018
2.017
2.024
2.017
2.008
2.007
2.002
2.019
2.009
2.02
2.006
1.997
2.006
2.032
2.025
2.014
2.003
2.009
2.024
2.016
1.995
1.99
1.986
1.987
1.988
1.985
1.998
1.999
1.997
1.996
1.997
2.004
1.995
1.994
2.065
2.05
2.026
2.029
2.003
1.979
1.973
1.987
1.994
2.01
1.984
1.976
1.984
2.008
2.007
2.006
2.042
2.05
2.005
1.992
1.985
1.979
1.988
1.99
1.984
1.984
1.981
1.989
1.989
1.983
1.991
1.996
2.019
2.025
1.99
2.0
2.027
2.033
2.038
2.035
2.015
2.018
2.019
2.002
2.003
2.026
2.023
1.999
1.989
1.989
2.006
2.027
2.035
2.032
2.012
1.994
1.986
1.978
1.971
1.991
1.981
1.985
1.988
1.98
1.993
1.984
1.969
1.982
1.993
1.983
1.978
1.981
1.974
1.965
1.975
1.96
1.974
2.0
1.985
2.013
2.009
2.047
2.016
2.003
1.99
2.002
2.001
2.027
1.985
2.011
1.991
1.998
1.982
1.977
1.968
1.975
1.976
1.99
1.971
1.975
1.993
1.974
1.971
1.996
2.006
2.017
1.99
1.976
1.992
1.966
1.945
1.967
1.948
1.944
1.953
1.949
1.951
1.952
1.944
1.945
1.949
1.951
1.951
1.959
1.964
1.957
1.956
1.96
1.954
1.955
1.957
1.968
1.966
1.98
2.001
2.006
1.986
1.984
1.989
1.995
1.995
2.007
2.025
2.04
2.03
2.039
2.046
2.046
2.021
2.014
1.997
2.02
1.995
2.001
1.986
1.99
1.992
1.964
1.988
2.008
2.01
1.973
1.967
1.973
1.964
1.965
1.966
1.97
1.97
1.973
1.975
1.981
2.018
1.983
1.983
1.979
1.978
2.006
2.037
2.059
2.037
2.009
1.999
2.011
2.02
2.015
2.027
2.044
2.051
2.005
1.983
1.98
1.976
1.989
2.027
1.994
2.003
1.997
1.993
1.98
1.992
1.983
1.982
2.002
2.001
2.036
2.012
1.968
1.963
1.967
1.985
1.995
1.993
1.991
2.004
1.988
1.986
1.979
1.962
1.955
1.954
1.955
1.989
1.989
1.985
1.975
1.966
1.955
1.967
1.97
1.995
2.004
2.03
2.008
1.979
1.976
1.969
1.987
2.004
2.009
2.028
2.01
1.993
1.98
1.982
1.976
1.971
1.964
1.969
1.972
1.964
1.965
2.034
2.015
2.01
2.03
2.044
2.005
1.978
1.969
1.96
1.959
1.978
1.993
1.982
1.96
1.951
1.945
1.951
1.946
1.96
1.965
1.958
1.957
1.939
1.928
1.922
1.92
1.909
1.938
1.948
1.935
1.937
1.934
1.95
2.004
1.978
1.934
1.948
1.949
1.943
1.944
1.942
1.951
1.956
1.944
1.943
1.944
1.919
1.924
1.937
1.93
1.942
1.976
1.963
1.935
1.955
1.963
1.953
1.966
1.976
1.965
1.941
1.9
1.907
1.923
1.951
1.951
1.947
1.944
1.944
1.955
1.964
1.959
1.944
1.941
1.957
1.949
1.935
1.922
1.926
1.935
1.953
1.944
1.945
1.948
1.944
1.946
1.945
1.95
1.945
1.945
1.936
1.948
1.958
1.948
1.948
1.946
1.931
1.925
1.924
1.925
1.932
1.928
1.931
1.923
1.929
1.928
1.93
1.927
1.928
1.935
1.94
1.938
1.93
1.925
1.93
1.934
1.926
1.929
1.93
1.932
1.953
1.953
1.944
1.941
1.945
1.938
1.947
1.949
1.944
1.901
1.867
1.866
1.862
1.868
1.871
1.862
1.857
1.875
1.885
1.881
1.881
1.895
1.894
1.888
1.898
1.896
1.901
1.907
1.915
1.917
1.917
1.913
1.916
1.918
1.923
1.925
1.923
1.916
1.917
1.916
1.92
1.916
1.919
1.918
1.917
1.913
1.938
1.928
1.921
1.924
1.936
1.938
1.94
1.948
1.929
1.943
1.936
1.918
1.92
1.91
1.89
1.907
1.917
1.919
1.917
1.918
1.918
1.904
1.9
1.898
1.891
1.907
1.882
1.874
1.876
1.883
1.884
1.918
1.939
1.949
1.961
1.929
1.919
1.89
1.892
1.895
1.914
1.917
1.915
1.915
1.897
1.886
1.885
1.892
1.879
1.894
1.903
1.91
1.904
1.914
1.912
1.904
1.903
1.911
1.927
1.922
1.916
1.915
1.909
1.899
1.892
1.897
1.902
1.894
1.911
1.91
1.909
1.909
1.911
1.916
1.916
1.923
1.925
1.929
1.922
1.924
1.918
1.922
1.924
1.934
1.935
1.941
1.919
1.903
1.91
1.892
1.88
1.894
1.901
1.913
1.916
1.922
1.933
1.919
1.921
1.923
1.917
1.908
1.905
1.897
1.907
1.909
1.916
1.919
1.923
1.938
1.934
1.927
1.939
1.922
1.948
1.949
1.918
1.913
1.912
1.909
1.908
1.914
1.91
1.92
1.917
1.905
1.91
1.906
1.912
1.913
1.915
1.916
1.916
1.915
1.922
1.921
1.915
1.908
1.91
1.912
1.918
1.914
1.913
1.909
1.921
1.919
1.948
1.93
1.92
1.924
1.922
1.929
1.934
1.94
1.938
1.928
1.928
1.927
1.934
1.926
1.931
1.929
1.923
1.942
1.941
1.956
1.946
1.934
1.928
1.928
1.931
1.919
1.921
1.925
1.931
1.938
1.943
1.948
1.962
1.935
1.932
1.93
1.925
1.927
1.928
1.902
1.916
1.927
1.924
1.93
1.934
1.935
1.935
1.949
1.952
1.944
1.95
1.932
1.928
1.927
1.922
1.936
1.946
1.954
1.947
1.958
1.958
1.943
1.936
1.941
1.932
1.939
1.957
1.932
1.929
1.928
1.925
1.925
1.928
1.932
1.929
1.934
1.933
1.93
1.93
1.928
1.922
1.914
1.928
1.927
1.927
1.93
1.93
1.936
1.941
1.945
1.951
1.953
1.943
1.926
1.931
1.943
1.944
1.935
1.93
1.932
1.924
1.936
1.935
1.939
1.923
1.917
1.915
1.914
1.909
1.91
1.913
1.923
1.926
1.925
1.932
1.937
1.938
1.931
1.921
1.925
1.935
1.943
1.938
1.927
1.919
1.918
1.918
1.922
1.923
1.926
1.92
1.916
1.918
1.914
1.918
1.918
1.921
1.927
1.931
1.926
1.918
1.921
1.926
1.924
1.923
1.922
1.924
1.923
1.92
1.919
1.926
1.923
1.924
1.93
1.92
1.913
1.922
1.92
1.919
1.916
1.917
1.922
1.912
1.915
1.902
1.904
1.906
1.91
1.909
1.916
1.935
1.953
1.937
1.934
1.917
1.913
1.928
1.941
1.935
1.948
1.938
1.935
1.929
1.926
1.929
1.915
1.916
1.912
1.915
1.926
1.913
1.914
1.921
1.922
1.91
1.908
1.911
1.909
1.909
1.913
1.915
1.907
1.902
1.9
1.902
1.901
1.904
1.907
1.906
1.907
1.905
1.915
1.909
1.902
1.904
1.912
1.915
1.909
1.909
1.908
1.912
1.909
1.909
1.916
1.92
1.918
1.914
1.911
1.912
1.907
1.902
1.901
1.911
1.908
1.905
1.909
1.9
1.903
1.892
1.902
1.906
1.905
1.904
1.902
1.898
1.908
1.902
1.895
1.929
1.936
1.909
1.886
1.889
1.901
1.901
1.881
1.876
1.893
1.898
1.903
1.902
1.899
1.898
1.9
1.894
1.902
1.899
1.897
1.884
1.885
1.893
1.888
1.894
1.895
1.894
1.896
1.897
1.886
1.88
1.884
1.883
1.883
1.884
1.883
1.892
1.895
1.886
1.881
1.885
1.887
1.879
1.884
1.871
1.862
1.86
1.86
1.862
1.861
1.861
1.864
1.859
1.861
1.85
1.847
1.865
1.847
1.832
1.849
1.86
1.861
1.862
1.863
1.873
1.88
1.88
1.873
1.876
1.877
1.872
1.868
1.856
1.858
1.86
1.864
1.879
1.89
1.896
1.892
1.884
1.862
1.84
1.835
1.833
1.836
1.834
1.843
1.849
1.852
1.862
1.843
1.83
1.841
1.848
1.849
1.856
1.861
1.865
1.859
1.854
1.858
1.852
1.865
1.867
1.868
1.863
1.864
1.874
1.87
1.866
1.873
1.878
1.88
1.877
1.879
1.873
1.876
1.876
1.876
1.871
1.866
1.87
1.869
1.869
1.861
1.861
1.874
1.875
1.881
1.883
1.881
1.885
1.884
1.883
1.885
1.883
1.882
1.881
1.878
1.877
1.873
1.87
1.87
1.867
1.87
1.867
1.862
1.857
1.848
1.838
1.831
1.832
1.841
1.838
1.819
1.824
1.823
1.822
1.826
1.842
1.827
1.83
1.843
1.83
1.824
1.825
1.822
1.816
1.822
1.825
1.83
1.844
1.854
1.849
1.844
1.851
1.858
1.846
1.839
1.836
1.833
1.835
1.835
1.823
1.83
1.846
1.839
1.84
1.839
1.829
1.83
1.832
1.834
1.832
1.837
1.842
1.852
1.84
1.825
1.827
1.827
1.839
1.834
1.842
1.841
1.837
1.846
1.84
1.846
1.848
1.84
1.844
1.837
1.835
1.82
1.817
1.842
1.847
1.854
1.851
1.844
1.851
1.856
1.858
1.858
1.858
1.86
1.862
1.86
1.859
1.854
1.854
1.839
1.83
1.836
1.838
1.823
1.815
1.812
1.804
1.822
1.84
1.844
1.851
1.867
1.859
1.839
1.834
1.827
1.845
1.86
1.857
1.852
1.852
1.849
1.847
1.843
1.842
1.841
1.84
1.845
1.821
1.836
1.85
1.831
1.82
1.828
1.839
1.844
1.838
1.84
1.819
1.831
1.839
1.839
1.846
1.83
1.828
1.829
1.821
1.82
1.813
1.807
1.817
1.81
1.821
1.826
1.837
1.841
1.836
1.838
1.834
1.833
1.814
1.806
1.82
1.842
1.836
1.825
1.862
1.868
1.856
1.856
1.868
1.863
1.86
1.853
1.851
1.847
1.842
1.845
1.841
1.842
1.84
1.847
1.847
1.85
1.847
1.842
1.846
1.851
1.85
1.834
1.837
1.853
1.849
1.858
1.853
1.851
1.84
1.839
1.836
1.828
1.835
1.837
1.84
1.844
1.847
1.85
1.85
1.857
1.852
1.854
1.855
1.845
1.846
1.849
1.851
1.854
1.852
1.848
1.852
1.85
1.845
1.848
1.852
1.852
1.848
1.847
1.852
1.845
1.846
1.846
1.845
1.845
1.846
1.845
1.845
1.851
1.852
1.855
1.852
1.85
1.843
1.849
1.855
1.85
1.853
1.855
1.853
1.851
1.849
1.854
1.853
1.851
1.851
1.849
1.855
1.869
1.859
1.855
1.856
1.856
1.853
1.853
1.85
1.851
1.851
1.85
1.85
1.851
1.851
1.852
1.85
1.85
1.852
1.851
1.854
1.852
1.859
1.85
1.843
1.842
1.841
1.839
1.839
1.845
1.858
1.848
1.845
1.851
1.843
1.834
1.831
1.847
1.866
1.858
1.857
1.86
1.861
1.848
1.852
1.847
1.849
1.848
1.852
1.849
1.855
1.854
1.856
1.858
1.859
1.854
1.854
1.857
1.849
1.842
1.84
1.839
1.841
1.841
1.845
1.846
1.853
1.849
1.844
1.844
1.844
1.842
1.844
1.824
1.833
1.845
1.844
1.845
1.845
1.846
1.846
1.845
1.838
1.844
1.838
1.834
1.841
1.844
1.852
1.85
1.846
1.845
1.838
1.844
1.846
1.846
1.855
1.854
1.859
1.852
1.844
1.846
1.847
1.845
1.837
1.852
1.85
1.852
1.852
1.853
1.852
1.849
1.846
1.848
1.852
1.849
1.846
1.852
1.848
1.842
1.839
1.84
1.841
1.839
1.84
1.826
1.823
1.83
1.84
1.845
1.848
1.844
1.84
1.837
1.841
1.84
1.843
1.836
1.836
1.838
1.842
1.84
1.833
1.831
1.838
1.837
1.833
1.83
1.836
1.835
1.835
1.838
1.84
1.833
1.835
1.839
1.834
1.837
1.838
1.839
1.839
1.847
1.842
1.84
1.839
1.839
1.843
1.844
1.835
1.833
1.843
1.836
1.833
1.839
1.833
1.834
1.83
1.838
1.834
1.84
1.839
1.828
1.829
1.83
1.835
1.827
1.831
1.825
1.827
1.827
1.835
1.837
1.836
1.836
1.84
1.835
1.837
1.846
1.847
1.835
1.837
1.83
1.833
1.836
1.836
1.836
1.835
1.837
1.836
1.835
1.834
1.827
1.826
1.831
1.833
1.831
1.832
1.831
1.835
1.829
1.841
1.835
1.833
1.837
1.839
1.84
1.836
1.839
1.834
1.837
1.832
1.834
1.831
1.832
1.833
1.831
1.835
1.833
1.83
1.833
1.832
1.836
1.828
1.829
1.834
1.849
1.847
1.836
1.837
1.846
1.838
1.832
1.834
1.838
1.832
1.829
1.834
1.847
1.835
1.831
1.832
1.828
1.836
1.833
1.841
1.837
1.835
1.843
1.846
1.83
1.833
1.836
1.831
1.838
1.84
1.839
1.827
1.824
1.83
1.834
1.831
1.829
1.833
1.829
1.83
1.83
1.825
1.824
1.826
1.829
1.828
1.828
1.831
1.833
1.834
1.834
1.834
1.832
1.83
1.829
1.834
1.835
1.839
1.841
1.834
1.831
1.833
1.839
1.828
1.822
1.83
1.829
1.828
1.833
1.833
1.83
1.83
1.829
1.818
1.823
1.826
1.832
1.824
1.832
1.832
1.833
1.831
1.83
1.823
1.83
1.837
1.828
1.833
1.833
1.833
1.835
1.831
1.831
1.826
1.835
1.835
1.831
1.831
1.832
1.834
1.83
1.831
1.834
1.835
1.838
1.84
1.845
1.836
1.825
1.835
1.843
1.836
1.832
1.83
1.835
1.832
1.837
1.829
1.825
1.838
1.845
1.847
1.839
1.832
1.841
1.837
1.835
1.829
1.832
1.841
1.844
1.838
1.836
1.83
1.834
1.829
1.825
1.827
1.828
1.829
1.827
1.831
1.831
1.823
1.825
1.831
1.834
1.836
1.836
1.83
1.834
1.832
1.835
1.836
1.834
1.83
1.821
1.829
1.825
1.827
1.826
1.825
1.829
1.826
1.829
1.829
1.84
1.828
1.843
1.846
1.844
1.853
1.85
1.842
1.847
1.839
1.837
1.828
1.827
1.826
1.829
1.841
1.836
1.831
1.826
1.829
1.825
1.824
1.827
1.83
1.834
1.839
1.831
1.836
1.832
1.836
1.827
1.826
1.828
1.823
1.823
1.824
1.834
1.837
1.824
1.827
1.829
1.831
1.837
1.832
1.838
1.839
1.835
1.834
1.838
1.83
1.837
1.836
1.837
1.833
1.826
1.828
1.827
1.827
1.825
1.83
1.842
1.838
1.833
1.841
1.839
1.839
1.836
1.826
1.83
1.838
1.84
1.831
1.825
1.83
1.827
1.827
1.832
1.834
1.831
1.835
1.836
1.834
1.831
1.831
1.84
1.835
1.833
1.824
1.835
1.832
1.829
1.83
1.827
1.821
1.827
1.823
1.824
1.831
1.828
1.832
1.83
1.831
1.828
1.828
1.829
1.829
1.836
1.827
1.823
1.823
1.825
1.821
1.823
1.827
1.83
1.829
1.834
1.823
1.815
1.817
1.822
1.823
1.822
1.825
1.829
1.834
1.83
1.828
1.828
1.833
1.829
1.824
1.826
1.83
1.83
1.828
1.826
1.831
1.828
1.836
1.829
1.828
1.827
1.825
1.825
1.825
1.821
1.819
1.817
1.818
1.816
1.813
1.814
1.821
1.814
1.816
1.818
1.818
1.819
1.828
1.828
1.825
1.832
1.835
1.833
1.825
1.831
1.834
1.832
1.829
1.821
1.826
1.828
1.825
1.828
1.826
1.831
1.828
1.828
1.83
1.835
1.831
1.83
1.821
1.822
1.827
1.825
1.828
1.82
1.828
1.828
1.828
1.821
1.819
1.821
1.822
1.822
1.822
1.822
1.827
1.824
1.819
1.824
1.828
1.829
1.819
1.821
1.822
1.824
1.826
1.821
1.827
1.829
1.828
1.823
1.825
1.825
1.833
1.825
1.826
1.826
1.824
1.82
1.821
1.821
1.825
1.822
1.821
1.823
1.826
1.821
1.822
1.828
1.826
1.828
1.823
1.826
1.824
1.825
1.824
1.824
1.819
1.822
1.821
1.822
1.821
1.818
1.82
1.82
1.821
1.821
1.824
1.818
1.821
1.827
1.823
1.822
1.822
1.822
1.826
1.822
1.819
1.821
1.819
1.817
1.822
1.827
1.818
1.823
1.823
1.827
1.828
1.829
1.826
1.83
1.829
1.836
1.837
1.831
1.827
1.829
1.831
1.827
1.832
1.824
1.822
1.827
1.823
1.824
1.825
1.831
1.822
1.82
1.821
1.822
1.825
1.822
1.818
1.821
1.824
1.817
1.825
1.825
1.832
1.826
1.829
1.82
1.82
1.824
1.819
1.821
1.824
1.825
1.826
1.821
1.822
1.821
1.826
1.832
1.825
1.829
1.827
1.83
1.822
1.825
1.82
1.82
1.819
1.822
1.822
1.823
1.821
1.828
1.83
1.829
1.826
1.831
1.821
1.82
1.826
1.824
1.823
1.828
1.831
1.83
1.832
1.825
1.825
1.829
1.821
1.818
1.82
1.818
1.823
1.825
1.828
1.827
1.826
1.828
1.822
1.825
1.822
1.823
1.818
1.82
1.819
1.82
1.822
1.821
1.829
1.826
1.821
1.826
1.815
1.822
1.823
1.823
1.823
1.823
1.821
1.819
1.821
1.821
1.825
1.824
1.826
1.826
1.826
1.83
1.824
1.823
1.817
1.817
1.818
1.817
1.816
1.817
1.825
1.823
1.821
1.82
1.821
1.832
1.821
1.82
1.827
1.825
1.82
1.824
1.821
1.825
1.824
1.819
1.817
1.819
1.816
1.818
1.82
1.815
1.814
1.821
1.816
1.814
1.819
1.812
1.814
1.816
1.813
1.818
1.819
1.822
1.825
1.827
1.822
1.821
1.816
1.818
1.821
1.819
1.817
1.822
1.819
1.824
1.828
1.823
1.824
1.828
1.831
1.83
1.829
1.828
1.824
1.817
1.82
1.815
1.811
1.817
1.82
1.824
1.82
1.82
1.826
1.825
1.825
1.823
1.827
1.823
1.823
1.823
1.821
1.812
1.82
1.825
1.822
1.823
1.819
1.819
1.817
1.821
1.817
1.818
1.821
1.819
1.82
1.816
1.822
1.822
1.816
1.816
1.812
1.818
1.817
1.816
1.816
1.815
1.819
1.817
1.814
1.815
1.816
1.817
1.817
1.818
1.82
1.817
1.821
1.827
1.829
1.828
1.826
1.825
1.822
1.82
1.828
1.825
1.833
1.827
1.826
1.82
1.819
1.832
1.827
1.826
1.82
1.82
1.82
1.82
1.821
1.821
1.824
1.819
1.821
1.821
1.821
1.824
1.819
1.813
1.822
1.818
1.816
1.819
1.819
1.821
1.822
1.827
1.823
1.818
1.821
1.823
1.824
1.822
1.822
1.824
1.821
1.823
1.826
1.825
1.824
1.823
1.823
1.825
1.823
1.82
1.817
1.823
1.823
1.82
1.82
1.826
1.823
1.822
1.818
1.814
1.815
1.821
1.823
1.82
1.819
1.822
1.817
1.82
1.818
1.822
1.818
1.82
1.816
1.816
1.817
1.82
1.819
1.821
1.821
1.82
1.822
1.822
1.819
1.819
1.825
1.815
1.817
1.819
1.821
1.823
1.821
1.817
1.816
1.821
1.823
1.821
1.829
1.824
1.82
1.824
1.826
1.825
1.827
1.826
1.825
1.82
1.824
1.817
1.81
1.815
1.818
1.82
1.82
1.824
1.819
1.825
1.827
1.821
1.811
1.817
1.818
1.817
1.817
1.815
1.814
1.817
1.813
1.815
1.81
1.815
1.819
1.815
1.818
1.814
1.817
1.821
1.82
1.819
1.821
1.821
1.819
1.819
1.811
1.814
1.825
1.818
1.815
1.814
1.818
1.817
1.812
1.812
1.81
1.817
1.815
1.816
1.819
1.818
1.825
1.825
1.824
1.817
1.82
1.816
1.818
1.818
1.825
1.823
1.817
1.816
1.821
1.815
1.816
1.812
1.815
1.811
1.809
1.816
1.815
1.816
1.814
1.811
1.814
1.815
1.818
1.814
1.819
1.817
1.811
1.817
1.816
1.815
1.816
1.816
1.817
1.817
1.815
1.81
1.819
1.821
1.818
1.816
1.821
1.812
1.819
1.818
1.825
1.817
1.817
1.821
1.818
1.819
1.815
1.811
1.811
1.813
1.813
1.819
1.817
1.823
1.814
1.82
1.821
1.819
1.817
1.818
1.824
1.823
1.819
1.817
1.815
1.816
1.815
1.814
1.812
1.814
1.818
1.812
1.814
1.815
1.811
1.807
1.811
1.811
1.809
1.806
1.809
1.812
1.811
1.811
1.817
1.817
1.818
1.813
1.819
1.818
1.816
1.819
1.815
1.817
1.819
1.82
1.814
1.817
1.813
1.814
1.818
1.813
1.811
1.817
1.813
1.815
1.811
1.811
1.81
1.809
1.815
1.812
1.813
1.815
1.819
1.824
1.819
1.823
1.82
1.828
1.817
1.816
1.825
1.819
1.814
1.814
1.814
1.818
1.818
1.814
1.814
1.816
1.815
1.817
1.818
1.813
1.816
1.82
1.818
1.81
1.81
1.816
1.815
1.816
1.813
1.819
1.819
1.821
1.813
1.822
1.817
1.815
1.812
1.812
1.813
1.807
1.811
1.81
1.812
1.809
1.812
1.811
1.811
1.808
1.811
1.811
1.809
1.811
1.816
1.817
1.815
1.819
1.815
1.815
1.813
1.808
1.816
1.816
1.823
1.812
1.812
1.816
1.818
1.808
1.805
1.806
1.811
1.813
1.805
1.809
1.811
1.811
1.81
1.81
1.809
1.808
1.808
1.811
1.811
1.811
1.813
1.809
1.807
1.807
1.806
1.809
1.812
1.81
1.81
1.811
1.812
1.811
1.813
1.814
1.817
1.813
1.81
1.811
1.814
1.815
1.816
1.815
1.818
1.815
1.812
1.812
1.815
1.812
1.813
1.811
1.809
1.815
1.814
1.812
1.812
1.813
1.817
1.818
1.818
1.813
1.812
1.81
1.81
1.807
1.811
1.812
1.813
1.817
1.818
1.817
1.812
1.812
1.808
1.81
1.816
1.813
1.815
1.813
1.807
1.808
1.806
1.807
1.807
1.811
1.814
1.817
1.819
1.82
1.815
1.817
1.811
1.81
1.808
1.813
1.813
1.814
1.816
1.812
1.809
1.812
1.812
1.813
1.813
1.81
1.813
1.808
1.816
1.815
1.818
1.815
1.816
1.813
1.813
1.813
1.811
1.813
1.808
1.812
1.815
1.817
1.809
1.812
1.809
1.811
1.816
1.81
1.808
1.808
1.81
1.811
1.805
1.808
1.811
1.819
1.816
1.814
1.816
1.816
1.816
1.815
1.812
1.813
1.809
1.811
1.812
1.81
1.808
1.814
1.818
1.813
1.811
1.819
1.809
1.811
1.807
1.807
1.814
1.814
1.811
1.807
1.808
1.815
1.815
1.818
1.812
1.813
1.815
1.82
1.814
1.811
1.813
1.811
1.812
1.807
1.811
1.808
1.807
1.813
1.81
1.812
1.812
1.811
1.814
1.811
1.811
1.811
1.814
1.807
1.813
1.81
1.814
1.812
1.814
1.815
1.814
1.816
1.821
1.818
1.818
1.813
1.815
1.809
1.811
1.819
1.819
1.819
1.816
1.807
1.806
1.808
1.808
1.812
1.814
1.812
1.811
1.813
1.812
1.811
1.811
1.814
1.812
1.813
1.815
1.813
1.809
1.808
1.81
1.816
1.814
1.812
1.813
1.814
1.812
1.81
1.812
1.808
1.815
1.81
1.814
1.809
1.814
1.809
1.806
1.807
1.807
1.807
1.813
1.811
1.808
1.809
1.809
1.806
1.805
1.808
1.812
1.804
1.807
1.806
1.808
1.811
1.817
1.818
1.82
1.814
1.816
1.813
1.808
1.809
1.808
1.811
1.813
1.809
1.807
1.809
1.806
1.808
1.807
1.812
1.81
1.816
1.808
1.808
1.81
1.811
1.817
1.815
1.813
1.809
1.816
1.811
1.807
1.809
1.807
1.81
1.813
1.807
1.809
1.811
1.808
1.81
1.811
1.81
1.806
1.809
1.805
1.806
1.806
1.809
1.806
1.807
1.81
1.808
1.807
1.814
1.811
1.814
1.812
1.809
1.812
1.81
1.805
1.811
1.815
1.809
1.813
1.807
1.811
1.809
1.811
1.805
1.808
1.811
1.807
1.806
1.806
1.806
1.806
1.808
1.809
1.805
1.801
1.8
1.803
1.808
1.807
1.809
1.804
1.81
1.806
1.806
1.804
1.805
1.811
1.81
1.811
1.804
1.807
1.806
1.806
1.805
1.807
1.807
1.811
1.807
1.812
1.811
1.804
1.806
1.802
1.803
1.808
1.808
1.806
1.807
1.805
1.801
1.803
1.798
1.805
1.807
1.806
1.808
1.806
1.806
1.809
1.804
1.813
1.805
1.808
1.802
1.802
1.809
1.804
1.801
1.806
1.803
1.799
1.799
1.8
1.805
1.799
1.802
1.804
1.803
1.804
1.803
1.804
1.802
1.8
1.803
1.799
1.807
1.811
1.803
1.803
1.804
1.803
1.806
1.807
1.803
1.796
1.806
1.808
1.805
1.802
1.802
1.798
1.803
1.804
1.802
1.8
1.806
1.803
1.801
1.802
1.805
1.804
1.807
1.811
1.81
1.809
1.806
1.804
1.804
1.802
1.808
1.803
1.802
1.809
1.811
1.804
1.803
1.804
1.802
1.803
1.799
1.807
1.805
1.801
1.805
1.797
1.802
1.803
1.801
1.798
1.802
1.802
1.806
1.804
1.804
1.801
1.802
1.8
1.807
1.801
1.8
1.801
1.803
1.798
1.801
1.803
1.8
1.8
1.799
1.803
1.801
1.803
1.804
1.807
1.8
1.805
1.806
1.804
1.802
1.8
1.801
1.802
1.802
1.805
1.801
1.801
1.801
1.803
1.8
1.798
1.803
1.798
1.801
1.802
1.804
1.804
1.803
1.805
1.799
1.803
1.806
1.802
1.799
1.8
1.803
1.804
1.801
1.802
1.799
1.806
1.807
1.803
1.801
1.802
1.805
1.803
1.8
1.801
1.8
1.804
1.798
1.796
1.797
1.801
1.801
1.802
1.802
1.801
1.802
1.802
1.798
1.8
1.799
1.798
1.8
1.801
1.798
1.794
1.799
1.794
1.798
1.797
1.799
1.798
1.798
1.801
1.801
1.803
1.8
1.794
1.798
1.799
1.799
1.804
1.803
1.803
1.804
1.798
1.803
1.804
1.803
1.801
1.802
1.802
1.8
1.799
1.801
1.804
1.807
1.806
1.806
1.807
1.803
1.804
1.805
1.801
1.802
1.799
1.798
1.801
1.799
1.803
1.798
1.804
1.807
1.806
1.804
1.802
1.802
1.804
1.8
1.796
1.797
1.803
1.8
1.798
1.806
1.807
1.808
1.806
1.803
1.8
1.808
1.803
1.801
1.803
1.804
1.802
1.802
1.801
1.801
1.805
1.802
1.801
1.807
1.8
1.803
1.798
1.803
1.803
1.802
1.795
1.8
1.802
1.802
1.799
1.806
1.804
1.803
1.803
1.801
1.801
1.801
1.8
1.802
1.805
1.8
1.797
1.799
1.798
1.799
1.8
1.802
1.796
1.796
1.799
1.799
1.802
1.798
1.798
1.795
1.805
1.805
1.803
1.801
1.8
1.799
1.799
1.8
1.802
1.802
1.804
1.804
1.805
1.801
1.799
1.801
1.802
1.807
1.804
1.801
1.803
1.802
1.799
1.8
1.795
1.799
1.799
1.8
1.803
1.801
1.801
1.801
1.8
1.801
1.802
1.798
1.796
1.797
1.798
1.797
1.794
1.799
1.801
1.804
1.808
1.803
1.805
1.803
1.8
1.798
1.803
1.803
1.802
1.798
1.796
1.799
1.799
1.794
1.797
1.799
1.801
1.799
1.803
1.803
1.801
1.802
1.805
1.804
1.804
1.803
1.799
1.802
1.802
1.804
1.802
1.804
1.802
1.807
1.802
1.801
1.798
1.802
1.803
1.798
1.803
1.8
1.801
1.801
1.798
1.8
1.802
1.802
1.796
1.796
1.798
1.8
1.797
1.799
1.8
1.8
1.8
1.799
1.793
1.801
1.796
1.798
1.8
1.8
1.802
1.8
1.8
1.8
1.802
1.8
1.8
1.798
1.8
1.807
1.8
1.796
1.799
1.804
1.799
1.8
1.803
1.804
1.802
1.8
1.798
1.8
1.8
1.797
1.799
1.802
1.797
1.798
1.798
1.796
1.796
1.801
1.806
1.801
1.805
1.799
1.799
1.802
1.795
1.796
1.798
1.8
1.796
1.793
1.797
1.797
1.8
1.798
1.797
1.8
1.802
1.797
1.8
1.798
1.798
1.798
1.801
1.801
1.804
1.8
1.804
1.801
1.8
1.802
1.8
1.798
1.799
1.798
1.799
1.799
1.797
1.796
1.796
1.794
1.794
1.8
1.8
1.797
1.795
1.792
1.796
1.797
1.795
1.798
1.798
1.795
1.797
1.794
1.795
1.798
1.799
1.8
1.8
1.796
1.802
1.793
1.798
1.791
1.793
1.799
1.799
1.798
1.794
1.798
1.793
1.798
1.8
1.796
1.799
1.796
1.798
1.793
1.795
1.795
1.799
1.793
1.794
1.794
1.792
1.796
1.801
1.794
1.794
1.793
1.793
1.796
1.798
1.798
1.796
1.793
1.799
1.79
1.791
1.795
1.795
1.797
1.804
1.796
1.793
1.792
1.797
1.794
1.798
1.801
1.795
1.794
1.795
1.79
1.795
1.798
1.802
1.795
1.793
1.796
1.795
1.794
1.794
1.793
1.794
1.793
1.79
1.793
1.79
1.793
1.796
1.794
1.794
1.794
1.799
1.797
1.796
1.797
1.797
1.794
1.794
1.789
1.794
1.793
1.792
1.792
1.792
1.795
1.793
1.795
1.792
1.796
1.794
1.794
1.795
1.794
1.795
1.79
1.794
1.795
1.793
1.794
1.794
1.796
1.797
1.795
1.793
1.795
1.797
1.793
1.792
1.795
1.791
1.79
1.79
1.79
1.794
1.796
1.791
1.792
1.791
1.789
1.795
1.796
1.794
1.792
1.793
1.789
1.79
1.792
1.79
1.79
1.792
1.79
1.795
1.788
1.79
1.786
1.784
1.78
1.782
1.787
1.788
1.791
1.791
1.79
1.793
1.79
1.792
1.797
1.793
1.789
1.792
1.795
1.797
1.798
1.791
1.793
1.794
1.789
1.793
1.789
1.793
1.791
1.794
1.786
1.792
1.793
1.789
1.791
1.794
1.792
1.792
1.793
1.791
1.79
1.793
1.786
1.788
1.794
1.791
1.789
1.793
1.788
1.788
1.79
1.789
1.794
1.793
1.793
1.79
1.791
1.791
1.791
1.794
1.792
1.793
1.797
1.79
1.792
1.788
1.788
1.788
1.785
1.786
1.79
1.792
1.792
1.79
1.789
1.791
1.789
1.786
1.788
1.789
1.791
1.787
1.786
1.789
1.788
1.794
1.786
1.788
1.786
1.786
1.789
1.786
1.783
1.787
1.788
1.786
1.786
1.789
1.787
1.791
1.793
1.791
1.791
1.79
1.788
1.787
1.787
1.789
1.788
1.786
1.79
1.796
1.791
1.79
1.789
1.789
1.788
1.788
1.792
1.783
1.787
1.783
1.787
1.79
1.79
1.784
1.789
1.792
1.79
1.786
1.787
1.786
1.785
1.789
1.789
1.787
1.788
1.785
1.785
1.785
1.789
1.791
1.79
1.785
1.786
1.785
1.79
1.79
1.788
1.79
1.789
1.786
1.786
1.789
1.795
1.788
1.785
1.785
1.788
1.783
1.786
1.784
1.786
1.785
1.787
1.786
1.786
1.785
1.784
1.783
1.778
1.782
1.786
1.785
1.785
1.782
1.783
1.785
1.786
1.784
1.785
1.787
1.788
1.787
1.789
1.781
1.784
1.784
1.783
1.787
1.785
1.78
1.787
1.781
1.788
1.785
1.788
1.788
1.789
1.785
1.788
1.789
1.785
1.784
1.783
1.785
1.786
1.788
1.783
1.784
1.781
1.78
1.781
1.781
1.779
1.785
1.785
1.784
1.786
1.787
1.785
1.776
1.772
1.768
1.774
1.776
1.775
1.775
1.781
1.776
1.774
1.776
1.777
1.782
1.778
1.774
1.776
1.778
1.777
1.775
1.78
1.777
1.777
1.778
1.777
1.777
1.779
1.782
1.776
1.776
1.779
1.778
1.775
1.775
1.775
1.774
1.777
1.775
1.782
1.775
1.774
1.78
1.782
1.779
1.777
1.778
1.774
1.777
1.775
1.773
1.777
1.782
1.775
1.775
1.772
1.775
1.776
1.775
1.776
1.772
1.77
1.771
1.774
1.772
1.779
1.778
1.77
1.773
1.773
1.776
1.779
1.775
1.775
1.773
1.777
1.777
1.776
1.779
1.776
1.775
1.777
1.773
1.776
1.773
1.774
1.779
1.778
1.778
1.779
1.774
1.776
1.774
1.776
1.781
1.775
1.774
1.777
1.78
1.781
1.779
1.78
1.779
1.784
1.78
1.772
1.777
1.777
1.771
1.773
1.771
1.773
1.773
1.776
1.778
1.778
1.778
1.773
1.776
1.778
1.778
1.775
1.778
1.778
1.776
1.78
1.779
1.776
1.778
1.782
1.78
1.778
1.778
1.778
1.778
1.773
1.777
1.776
1.775
1.776
1.78
1.773
1.779
1.777
1.778
1.777
1.777
1.776
1.775
1.776
1.773
1.775
1.778
1.777
1.774
1.775
1.774
1.773
1.777
1.771
1.776
1.778
1.776
1.772
1.774
1.774
1.773
1.774
1.776
1.777
1.773
1.777
1.774
1.775
1.775
1.777
1.774
1.777
1.777
1.772
1.774
1.776
1.77
1.777
1.775
1.777
1.78
1.777
1.778
1.777
1.775
1.775
1.776
1.771
1.77
1.771
1.771
1.776
1.779
1.775
1.774
1.773
1.777
1.775
1.778
1.777
1.778
1.78
1.782
1.783
1.781
1.784
1.78
1.779
1.777
1.776
1.775
1.773
1.772
1.774
1.774
1.772
1.774
1.775
1.777
1.78
1.779
1.78
1.779
1.78
1.781
1.777
1.775
1.772
1.774
1.774
1.775
1.776
1.774
1.777
1.776
1.776
1.776
1.775
1.778
1.776
1.777
1.782
1.78
1.778
1.776
1.776
1.773
1.779
1.774
1.772
1.775
1.78
1.775
1.774
1.777
1.775
1.777
1.774
1.774
1.772
1.779
1.778
1.78
1.775
1.778
1.771
1.777
1.774
1.776
1.775
1.777
1.778
1.775
1.777
1.776
1.778
1.776
1.774
1.777
1.776
1.771
1.778
1.777
1.78
1.779
1.778
1.778
1.775
1.776
1.77
1.778
1.774
1.776
1.776
1.776
1.773
1.778
1.781
1.774
1.779
1.778
1.775
1.777
1.777
1.773
1.776
1.778
1.776
1.775
1.777
1.778
1.778
1.777
1.777
1.773
1.776
1.773
1.779
1.777
1.771
1.778
1.773
1.773
1.776
1.772
1.771
1.773
1.773
1.769
1.768
1.773
1.775
1.769
1.771
1.778
1.778
1.777
1.774
1.777
1.776
1.777
1.774
1.776
1.778
1.775
1.775
1.77
1.773
1.775
1.777
1.777
1.774
1.779
1.776
1.777
1.777
1.777
1.776
1.777
1.776
1.776
1.781
1.775
1.778
1.775
1.774
1.773
1.776
1.776
1.776
1.774
1.773
1.776
1.778
1.775
1.774
1.773
1.774
1.771
1.77
1.767
1.77
1.768
1.771
1.775
1.776
1.774
1.775
1.773
1.778
1.776
1.776
1.775
1.775
1.777
1.772
1.772
1.776
1.772
1.774
1.776
1.773
1.773
1.774
1.769
1.773
1.77
1.769
1.768
1.767
1.784
1.767
1.769
1.768
1.77
1.767
1.77
1.769
1.769
1.771
1.764
1.768
1.773
1.774
1.766
1.767
1.768
1.768
1.769
1.771
1.764
1.766
1.769
1.767
1.767
1.77
1.771
1.767
1.77
1.767
1.765
1.77
1.77
1.768
1.766
1.769
1.765
1.77
1.771
1.767
1.77
1.771
1.775
1.772
1.767
1.769
1.768
1.766
1.767
1.769
1.77
1.772
1.766
1.764
1.77
1.767
1.767
1.767
1.772
1.767
1.767
1.768
1.769
1.771
1.771
1.771
1.77
1.771
1.771
1.768
1.77
1.768
1.77
1.765
1.768
1.772
1.769
1.766
1.765
1.765
1.77
1.767
1.77
1.771
1.767
1.772
1.767
1.771
1.768
1.768
1.771
1.772
1.77
1.771
1.77
1.768
1.771
1.772
1.775
1.774
1.773
1.774
1.774
1.776
1.776
1.774
1.773
1.769
1.77
1.766
1.772
1.77
1.771
1.77
1.769
1.773
1.769
1.768
1.772
1.774
1.768
1.767
1.77
1.769
1.77
1.771
1.77
1.77
1.774
1.774
1.77
1.768
1.77
1.77
1.772
1.769
1.77
1.77
1.771
1.769
1.772
1.77
1.768
1.767
1.764
1.772
1.771
1.773
1.77
1.77
1.772
1.773
1.772
1.772
1.774
1.774
1.766
1.767
1.768
1.77
1.771
1.764
1.768
1.769
1.771
1.771
1.773
1.769
1.772
1.767
1.766
1.769
1.771
1.765
1.771
1.764
1.768
1.767
1.768
1.767
1.764
1.767
1.773
1.772
1.766
1.768
1.768
1.77
1.768
1.766
1.771
1.766
1.77
1.765
1.77
1.767
1.77
1.768
1.769
1.774
1.772
1.772
1.768
1.767
1.77
1.763
1.765
1.764
1.771
1.763
1.765
1.766
1.762
1.767
1.764
1.768
1.766
1.767
1.77
1.767
1.766
1.763
1.764
1.769
1.765
1.766
1.769
1.767
1.767
1.767
1.764
1.77
1.765
1.77
1.768
1.767
1.772
1.769
1.764
1.766
1.763
1.766
1.764
1.768
1.771
1.767
1.768
1.769
1.765
1.765
1.769
1.768
1.764
1.765
1.767
1.767
1.769
1.769
1.762
1.764
1.764
1.769
1.771
1.772
1.77
1.766
1.768
1.772
1.768
1.767
1.765
1.768
1.768
1.764
1.768
1.766
1.762
1.763
1.763
1.767
1.765
1.767
1.766
1.765
1.766
1.769
1.763
1.764
1.765
1.768
1.766
1.766
1.767
1.771
1.77
1.769
1.767
1.769
1.768
1.77
1.769
1.766
1.775
1.772
1.771
1.772
1.77
1.769
1.764
1.764
1.765
1.768
1.766
1.762
1.765
1.769
1.766
1.76
1.765
1.768
1.769
1.762
1.763
1.765
1.768
1.766
1.767
1.765
1.767
1.771
1.765
1.769
1.771
1.768
1.763
1.765
1.766
1.766
1.77
1.767
1.766
1.77
1.77
1.766
1.769
1.764
1.768
1.77
1.766
1.767
1.771
1.766
1.766
1.771
1.768
1.771
1.768
1.764
1.77
1.77
1.769
1.77
1.766
1.765
1.769
1.769
1.766
1.769
1.769
1.769
1.766
1.766
1.766
1.766
1.77
1.768
1.767
1.767
1.769
1.768
1.769
1.769
1.765
1.771
1.769
1.767
1.768
1.769
1.765
1.765
1.766
1.767
1.766
1.766
1.769
1.763
1.769
1.771
1.769
1.77
1.768
1.776
1.775
1.769
1.769
1.768
1.766
1.769
1.768
1.77
1.768
1.768
1.774
1.768
1.768
1.769
1.77
1.769
1.769
1.768
1.769
1.769
1.766
1.767
1.765
1.768
1.767
1.767
1.77
1.772
1.772
1.77
1.765
1.769
1.769
1.768
1.765
1.765
1.768
1.77
1.774
1.771
1.766
1.768
1.77
1.767
1.767
1.767
1.769
1.768
1.77
1.768
1.772
1.769
1.766
1.767
1.772
1.772
1.767
1.77
1.766
1.77
1.766
1.781
1.768
1.769
1.769
1.764
1.769
1.764
1.767
1.765
1.766
1.765
1.766
1.767
1.762
1.766
1.763
1.762
1.761
1.765
1.768
1.764
1.763
1.766
1.767
1.765
1.765
1.762
1.762
1.764
1.762
1.763
1.76
1.756
1.763
1.759
1.761
1.764
1.758
1.758
1.761
1.761
1.765
1.766
1.763
1.766
1.763
1.76
1.763
1.762
1.762
1.764
1.759
1.762
1.763
1.759
1.763
1.766
1.76
1.765
1.762
1.768
1.764
1.765
1.763
1.762
1.766
1.764
1.763
1.764
1.765
1.768
1.762
1.761
1.764
1.762
1.763
1.761
1.762
1.766
1.764
1.765
1.762
1.765
1.765
1.767
1.765
1.766
1.761
1.759
1.762
1.763
1.762
1.765
1.764
1.767
1.764
1.762
1.764
1.763
1.764
1.768
1.761
1.762
1.763
1.765
1.762
1.764
1.763
1.763
1.763
1.764
1.767
1.764
1.763
1.763
1.761
1.765
1.766
1.764
1.762
1.762
1.762
1.763
1.762
1.761
1.767
1.764
1.765
1.77
1.764
1.768
1.767
1.767
1.768
1.768
1.762
1.761
1.766
1.763
1.764
1.763
1.763
1.768
1.763
1.764
1.764
1.764
1.766
1.762
1.767
1.763
1.764
1.765
1.764
1.766
1.769
1.765
1.764
1.767
1.767
1.765
1.765
1.762
1.767
1.769
1.766
1.766
1.767
1.769
1.768
1.762
1.763
1.766
1.769
1.768
1.764
1.768
1.772
1.766
1.766
1.766
1.766
1.766
1.767
1.766
1.767
1.766
1.767
1.766
1.763
1.764
1.762
1.766
1.765
1.763
1.765
1.765
1.768
1.77
1.763
1.766
1.763
1.767
1.763
1.766
1.763
1.762
1.769
1.765
1.761
1.766
1.764
1.765
1.762
1.763
1.762
1.764
1.765
1.763
1.767
1.765
1.768
1.765
1.765
1.765
1.768
1.763
1.765
1.766
1.768
1.766
1.764
1.767
1.765
1.764
1.764
1.764
1.763
1.765
1.766
1.767
1.764
1.764
1.766
1.764
1.764
1.764
1.767
1.762
1.769
1.766
1.763
1.764
1.766
1.762
1.765
1.764
1.766
1.766
1.761
1.766
1.763
1.763
1.766
1.765
1.768
1.764
1.765
1.761
1.762
1.764
1.764
1.763
1.761
1.765
1.766
1.767
1.763
1.765
1.767
1.764
1.761
1.763
1.76
1.765
1.764
1.768
1.764
1.763
1.764
1.764
1.764
1.765
1.768
1.763
1.764
1.763
1.763
1.765
1.764
1.765
1.762
1.764
1.761
1.762
1.764
1.761
1.762
1.765
1.764
1.761
1.763
1.764
1.76
1.765
1.769
1.762
1.762
1.763
1.763
1.765
1.766
1.765
1.762
1.769
1.763
1.767
1.765
1.765
1.767
1.77
1.766
1.764
1.762
1.765
1.762
1.764
1.763
1.764
1.762
1.768
1.763
1.769
1.761
1.762
1.76
1.761
1.768
1.766
1.763
1.763
1.764
1.765
1.766
1.764
1.766
1.765
1.765
1.764
1.764
1.765
1.768
1.767
1.766
1.77
1.768
1.767
1.763
1.765
1.766
1.767
1.767
1.767
1.767
1.768
1.767
1.768
1.765
1.765
1.768
1.767
1.765
1.765
1.768
1.763
1.769
1.761
1.769
1.77
1.766
1.761
1.764
1.765
1.767
1.766
1.758
1.766
1.764
1.769
1.764
1.766
1.765
1.764
1.766
1.771
1.767
1.765
1.763
1.77
1.767
1.769
1.766
1.767
1.769
1.768
1.766
1.765
1.767
1.766
1.765
1.769
1.764
1.769
1.766
1.768
1.763
1.765
1.765
1.768
1.763
1.764
1.764
1.764
1.764
1.766
1.764
1.765
1.765
1.765
1.766
1.766
1.767
1.763
1.764
1.766
1.761
1.768
1.767
1.767
1.766
1.767
1.764
1.768
1.766
1.767
1.766
1.765
1.766
1.768
1.768
1.767
1.766
1.767
1.767
1.765
1.767
1.765
1.765
1.767
1.763
1.764
1.769
1.767
1.768
1.767
1.765
1.769
1.766
1.768
1.762
1.764
1.77
1.766
1.764
1.764
1.766
1.766
1.766
1.765
1.765
1.766
1.766
1.766
1.764
1.767
1.766
1.768
1.771
1.771
1.764
1.764
1.766
1.767
1.768
1.767
1.767
1.766
1.767
1.768
1.768
1.762
1.765
1.769
1.763
1.766
1.764
1.766
1.771
1.77
1.764
1.764
1.766
1.768
1.768
1.766
1.768
1.766
1.766
1.77
1.77
1.77
1.768
1.774
1.768
1.767
1.766
1.766
1.768
1.767
1.766
1.771
1.769
1.768
1.767
1.769
1.768
1.765
1.765
1.771
1.767
1.768
1.767
1.768
1.766
1.767
1.769
1.767
1.771
1.769
1.77
1.766
1.769
1.773
1.773
1.771
1.768
1.77
1.77
1.767
1.768
1.768
1.772
1.771
1.768
1.768
1.77
1.772
1.769
1.764
1.763
1.769
1.768
1.767
1.769
1.767
1.768
1.77
1.766
1.769
1.768
1.766
1.773
1.767
1.77
1.765
1.766
1.769
1.768
1.771
1.77
1.769
1.77
1.767
1.768
1.771
1.767
1.768
1.766
1.768
1.766
1.768
1.772
1.772
1.768
1.771
1.768
1.771
1.768
1.768
1.767
1.769
1.771
1.77
1.768
1.766
1.77
1.77
1.768
1.766
1.768
1.767
1.771
1.77
1.769
1.769
1.772
1.767
1.766
1.77
1.773
1.768
1.767
1.769
1.772
1.772
1.77
1.767
1.768
1.767
1.769
1.768
1.766
1.767
1.771
1.766
1.768
1.771
1.773
1.77
1.766
1.768
1.765
1.769
1.773
1.766
1.767
1.769
1.773
1.771
1.767
1.767
1.768
1.768
1.77
1.771
1.772
1.773
1.769
1.77
1.769
1.77
1.772
1.769
1.769
1.772
1.772
1.771
1.766
1.772
1.77
1.772
1.77
1.768
1.773
1.774
1.772
1.771
1.767
1.768
1.771
1.773
1.771
1.774
1.77
1.77
1.77
1.773
1.772
1.771
1.768
1.77
1.767
1.773
1.767
1.774
1.775
1.771
1.776
1.777
1.775
1.773
1.777
1.772
1.77
1.774
1.773
1.774
1.776
1.777
1.777
1.775
1.769
1.77
1.769
1.77
1.773
1.77
1.772
1.773
1.767
1.771
1.771
1.77
1.771
1.772
1.776
1.774
1.773
1.772
1.772
1.774
1.775
1.774
1.771
1.771
1.771
1.773
1.772
1.77
1.766
1.772
1.773
1.77
1.769
1.768
1.772
1.769
1.772
1.768
1.769
1.77
1.77
1.769
1.768
1.77
1.769
1.771
1.771
1.769
1.769
1.769
1.766
1.772
1.772
1.769
1.77
1.77
1.766
1.768
1.769
1.771
1.768
1.772
1.769
1.765
1.766
1.77
1.774
1.772
1.769
1.775
1.772
1.772
1.768
1.771
1.77
1.767
1.77
1.777
1.772
1.774
1.772
1.768
1.77
1.771
1.767
1.768
1.77
1.772
1.77
1.77
1.768
1.766
1.77
1.769
1.772
1.771
1.773
1.772
1.774
1.773
1.774
1.775
1.773
1.774
1.772
1.774
1.773
1.775
1.771
1.772
1.769
1.774
1.771
1.773
1.772
1.772
1.772
1.772
1.767
1.769
1.772
1.771
1.772
1.768
1.77
1.771
1.77
1.774
1.77
1.77
1.769
1.769
1.77
1.772
1.77
1.775
1.772
1.771
1.772
1.773
1.771
1.773
1.771
1.767
1.77
1.772
1.771
1.771
1.777
1.771
1.768
1.773
1.77
1.77
1.771
1.768
1.771
1.772
1.77
1.771
1.771
1.77
1.768
1.771
1.772
1.768
1.768
1.772
1.77
1.766
1.768
1.767
1.765
1.774
1.769
1.77
1.77
1.77
1.768
1.765
1.77
1.773
1.769
1.775
1.771
1.772
1.769
1.771
1.771
1.768
1.772
1.77
1.769
1.773
1.766
1.77
1.772
1.773
1.768
1.772
1.769
1.769
1.768
1.77
1.764
1.77
1.771
1.77
1.766
1.771
1.771
1.769
1.77
1.768
1.771
1.769
1.77
1.77
1.77
1.771
1.77
1.772
1.769
1.772
1.765
1.767
1.771
1.769
1.768
1.765
1.771
1.769
1.768
1.768
1.771
1.768
1.768
1.771
1.771
1.77
1.77
1.768
1.772
1.767
1.772
1.771
1.772
1.769
1.769
1.767
1.77
1.767
1.763
1.766
1.77
1.77
1.765
1.769
1.767
1.767
1.767
1.768
1.768
1.771
1.767
1.771
1.769
1.772
1.771
1.772
1.765
1.77
1.771
1.767
1.769
1.769
1.768
1.768
1.768
1.768
1.767
1.772
1.769
1.769
1.766
1.77
1.769
1.767
1.768
1.767
1.769
1.77
1.766
1.764
1.766
1.77
1.769
1.767
1.767
1.767
1.769
1.767
1.766
1.764
1.768
1.766
1.769
1.77
1.768
1.766
1.766
1.766
1.769
1.77
1.769
1.768
1.769
1.768
1.77
1.772
1.772
1.768
1.771
1.773
1.77
1.768
1.772
1.768
1.771
1.772
1.769
1.77
1.772
1.768
1.768
1.768
1.771
1.767
1.764
1.768
1.768
1.765
1.772
1.767
1.765
1.768
1.77
1.77
1.767
1.767
1.766
1.767
1.769
1.773
1.771
1.771
1.77
1.769
1.767
1.767
1.77
1.769
1.773
1.772
1.77
1.769
1.768
1.769
1.769
1.773
1.767
1.772
1.771
1.769
1.764
1.771
1.77
1.769
1.77
1.77
1.768
1.772
1.77
1.766
1.768
1.77
1.767
1.767
1.768
1.768
1.77
1.77
1.772
1.771
1.768
1.774
1.768
1.769
1.769
1.771
1.768
1.767
1.768
1.771
1.771
1.767
1.769
1.769
1.771
1.766
1.769
1.771
1.768
1.771
1.768
1.765
1.773
1.769
1.768
1.767
1.769
1.768
1.767
1.768
1.768
1.772
1.765
1.767
1.771
1.769
1.77
1.772
1.773
1.774
1.772
1.772
1.77
1.769
1.77
1.773
1.768
1.768
1.773
1.773
1.77
1.77
1.765
1.77
1.765
1.768
1.773
1.769
1.771
1.77
1.771
1.768
1.768
1.767
1.77
1.766
1.769
1.773
1.767
1.773
1.773
1.772
1.772
1.769
1.766
1.772
1.77
1.772
1.77
1.774
1.772
1.77
1.773
1.771
1.771
1.769
1.772
1.771
1.771
1.771
1.772
1.77
1.771
1.773
1.766
1.77
1.771
1.77
1.771
1.77
1.768
1.768
1.767
1.773
1.775
1.771
1.771
1.772
1.773
1.766
1.769
1.771
1.773
1.774
1.773
1.77
1.773
1.771
1.772
1.772
1.773
1.768
1.77
1.77
1.77
1.773
1.776
1.769
1.771
1.815
1.813
1.809
1.787
1.78
1.778
1.777
1.783
1.789
1.79
1.785
1.786
1.785
1.777
1.785
1.777
1.783
1.776
1.777
1.783
1.778
1.781
1.78
1.783
1.779
1.779
1.778
1.78
1.777
1.776
1.773
1.779
1.778
1.781
1.78
1.777
1.778
1.777
1.778
1.78
1.776
1.778
1.777
1.774
1.776
1.761
1.776
1.778
1.779
1.784
1.784
1.785
1.785
1.786
1.787
1.786
1.781
1.783
1.783
1.788
1.784
1.789
1.785
1.783
1.788
1.791
1.792
1.79
1.791
1.79
1.795
1.791
1.793
1.79
1.795
1.795
1.797
1.796
1.798
1.803
1.813
1.811
1.807
1.806
1.807
1.806
1.81
1.807
1.816
1.812
1.816
1.819
1.819
1.821
1.816
1.832
1.827
1.82
1.83
1.835
1.841
1.842
1.836
1.843
1.849
1.846
1.834
1.85
1.843
1.837
1.846
1.839
1.842
1.841
1.839
1.835
1.837
1.842
1.835
1.836
1.841
1.841
1.844
1.839
1.845
1.842
1.842
1.837
1.84
1.847
1.845
1.845
1.856
1.858
1.85
1.857
1.854
1.851
1.848
1.858
1.857
1.859
1.86
1.863
1.862
1.862
1.864
1.861
1.871
1.87
1.863
1.86
1.862
1.868
1.875
1.878
1.868
1.869
1.872
1.872
1.884
1.878
1.869
1.866
1.876
1.877
1.874
1.881
1.883
1.88
1.875
1.88
1.857
1.846
1.855
1.872
1.886
1.865
1.85
1.847
1.834
1.827
1.829
1.825
1.827
1.841
1.843
1.86
1.843
1.846
1.831
1.827
1.824
1.825
1.826
1.842
1.844
1.857
1.874
1.872
1.876
1.862
1.851
1.861
1.852
1.85
1.862
1.882
1.877
1.872
1.867
1.852
1.846
1.859
1.857
1.842
1.84
1.86
1.856
1.83
1.829
1.841
1.826
1.829
1.83
1.834
1.847
1.838
1.844
1.85
1.846
1.841
1.822
1.833
1.836
1.843
1.839
1.833
1.823
1.826
1.82
1.814
1.816
1.812
1.826
1.832
1.835
1.825
1.816
1.822
1.834
1.822
1.837
1.837
1.822
1.827
1.833
1.843
1.834
1.831
1.825
1.825
1.831
1.83
1.835
1.828
1.833
1.823
1.818
1.833
1.826
1.827
1.822
1.829
1.826
1.822
1.817
1.816
1.813
1.812
1.816
1.813
1.814
1.82
1.814
1.813
1.814
1.812
1.825
1.822
1.82
1.817
1.828
1.816
1.817
1.822
1.821
1.822
1.821
1.816
1.814
1.82
1.818
1.818
1.818
1.82
1.817
1.812
1.81
1.813
1.812
1.814
1.815
1.816
1.823
1.823
1.814
1.822
1.823
1.82
1.822
1.824
1.816
1.823
1.827
1.822
1.818
1.819
1.821
1.819
1.825
1.827
1.826
1.83
1.821
1.817
1.819
1.813
1.808
1.812
1.813
1.813
1.816
1.816
1.819
1.82
1.823
1.829
1.824
1.82
1.825
1.825
1.829
1.828
1.828
1.825
1.828
1.824
1.817
1.822
1.82
1.826
1.822
1.823
1.824
1.824
1.819
1.816
1.821
1.82
1.82
1.821
1.817
1.823
1.824
1.821
1.825
1.828
1.826
1.825
1.824
1.822
1.821
1.818
1.822
1.826
1.824
1.824
1.823
1.825
1.818
1.819
1.821
1.818
1.822
1.818
1.819
1.819
1.822
1.822
1.823
1.823
1.821
1.823
1.823
1.823
1.818
1.816
1.814
1.818
1.816
1.821
1.821
1.822
1.819
1.815
1.814
1.809
1.808
1.808
1.812
1.817
1.81
1.811
1.812
1.811
1.814
1.812
1.818
1.816
1.816
1.815
1.816
1.82
1.817
1.816
1.816
1.813
1.816
1.817
1.819
1.815
1.809
1.812
1.808
1.818
1.815
1.817
1.813
1.817
1.813
1.812
1.808
1.809
1.814
1.816
1.816
1.823
1.819
1.82
1.818
1.818
1.817
1.817
1.817
1.817
1.816
1.816
1.816
1.816
1.814
1.814
1.816
1.812
1.816
1.815
1.813
1.814
1.814
1.809
1.814
1.812
1.81
1.81
1.814
1.814
1.811
1.812
1.814
1.813
1.813
1.811
1.814
1.811
1.811
1.81
1.81
1.818
1.81
1.816
1.81
1.808
1.809
1.806
1.808
1.81
1.811
1.809
1.811
1.811
1.811
1.808
1.812
1.806
1.81
1.809
1.807
1.805
1.806
1.808
1.812
1.806
1.811
1.811
1.809
1.812
1.808
1.807
1.81
1.812
1.807
1.812
1.806
1.809
1.808
1.807
1.803
1.806
1.809
1.806
1.807
1.808
1.808
1.806
1.808
1.806
1.801
1.801
1.805
1.801
1.804
1.805
1.8
1.804
1.8
1.798
1.795
1.799
1.797
1.8
1.799
1.798
1.8
1.792
1.791
1.793
1.791
1.79
1.789
1.791
1.786
1.791
1.788
1.791
1.794
1.794
1.79
1.789
1.784
1.782
1.788
1.791
1.787
1.793
1.796
1.794
1.795
1.792
1.792
1.793
1.793
1.792
1.791
1.787
1.787
1.791
1.788
1.787
1.792
1.794
1.795
1.789
1.788
1.792
1.794
1.789
1.792
1.798
1.794
1.791
1.792
1.791
1.793
1.792
1.792
1.788
1.793
1.796
1.794
1.795
1.794
1.793
1.794
1.792
1.794
1.79
1.789
1.79
1.79
1.794
1.792
1.794
1.793
1.788
1.785
1.789
1.79
1.789
1.791
1.794
1.794
1.796
1.79
1.79
1.793
1.794
1.793
1.792
1.791
1.789
1.788
1.786
1.788
1.791
1.789
1.79
1.787
1.787
1.793
1.791
1.795
1.791
1.79
1.792
1.791
1.787
1.788
1.792
1.792
1.79
1.79
1.792
1.791
1.789
1.788
1.788
1.787
1.787
1.787
1.789
1.791
1.788
1.791
1.788
1.789
1.786
1.789
1.787
1.788
1.786
1.789
1.786
1.784
1.785
1.787
1.788
1.787
1.792
1.788
1.789
1.788
1.781
1.785
1.787
1.785
1.783
1.783
1.786
1.785
1.789
1.783
1.785
1.784
1.779
1.781
1.78
1.785
1.783
1.782
1.781
1.779
1.782
1.781
1.781
1.781
1.786
1.784
1.782
1.784
1.786
1.784
1.777
1.787
1.789
1.791
1.786
1.782
1.782
1.79
1.785
1.783
1.783
1.786
1.782
1.78
1.777
1.776
1.778
1.774
1.772
1.78
1.778
1.783
1.78
1.783
1.781
1.782
1.782
1.782
1.783
1.777
1.782
1.786
1.785
1.782
1.784
1.785
1.785
1.78
1.777
1.779
1.78
1.778
1.783
1.778
1.78
1.78
1.777
1.779
1.779
1.777
1.778
1.779
1.78
1.776
1.776
1.782
1.782
1.78
1.787
1.783
1.778
1.783
1.782
1.783
1.784
1.784
1.783
1.78
1.78
1.785
1.781
1.782
1.784
1.785
1.781
1.779
1.779
1.78
1.788
1.781
1.78
1.786
1.779
1.782
1.785
1.782
1.782
1.779
1.781
1.784
1.784
1.784
1.779
1.781
1.782
1.78
1.784
1.782
1.783
1.782
1.783
1.78
1.782
1.783
1.78
1.782
1.785
1.781
1.784
1.784
1.783
1.783
1.783
1.782
1.784
1.783
1.782
1.783
1.789
1.784
1.783
1.783
1.784
1.781
1.78
1.777
1.78
1.778
1.784
1.783
1.783
1.778
1.784
1.784
1.781
1.78
1.783
1.785
1.782
1.779
1.777
1.778
