-3.76
-3.83
-3.81
-4.13
-4.13
-3.89
-3.6
-3.68
-3.61
-3.81
-4.4
-4.35
-4.59
-4.44
-4.44
-4.9
-4.42
-4.26
-4.29
-4.25
-4.31
-4.29
-3.86
-3.9
-3.89
-3.89
-3.99
-3.89
-3.87
-4.7
-4.47
-4.38
-4.42
-4.55
-4.67
-4.53
-4.58
-4.5
-4.53
-4.87
-5.07
-4.79
-4.96
-4.75
-4.55
-4.63
-4.02
-4.02
-3.83
-4.11
-4.15
-4.12
-4.16
-3.98
-4.0
-4.09
-4.42
-4.5
-4.44
-4.35
-4.34
-4.37
-4.5
-4.19
-4.21
-4.26
-4.26
-4.26
-4.26
-4.12
-4.12
-3.91
-3.96
-3.89
-3.95
-4.35
-4.14
-3.81
-3.71
-3.84
-3.71
-3.62
-3.78
-3.89
-3.8
-4.28
-4.18
-4.43
-4.73
-4.93
-4.69
-4.44
-4.44
-4.32
-4.77
-4.86
-5.03
-5.19
-4.82
-4.66
-4.42
-4.02
-4.04
-3.97
-4.09
-3.65
-3.55
-3.82
-3.96
-3.84
-3.81
-3.24
-3.24
-3.25
-4.01
-4.0
-4.5
-5.02
-5.02
-4.82
-4.97
-4.91
-4.42
-3.89
-3.9
-4.26
-4.15
-4.14
-4.01
-4.03
-4.32
-4.5
-4.12
-4.17
-4.38
-4.45
-4.46
-4.61
-4.1
-4.1
-4.2
-4.42
-4.86
-4.66
-4.44
-4.29
-4.44
-4.17
-4.0
-4.01
-4.52
-4.47
-4.18
-3.34
-3.85
-2.99
-3.12
-3.57
-4.29
-3.58
-4.59
-4.59
-4.95
-4.55
-5.07
-5.18
-5.43
-5.65
-5.65
-5.83
-5.81
-5.54
-5.56
-5.62
-5.52
-5.6
-5.34
-5.21
-5.27
-5.17
-5.32
-5.32
-5.25
-5.18
-5.17
-5.18
-5.24
-4.97
-5.12
-5.3
-5.39
-5.51
-5.62
-5.73
-5.47
-5.55
-5.55
-5.73
-5.8
-5.66
-5.73
-5.61
-5.93
-6.07
-5.69
-5.69
-6.05
-5.87
-5.94
-5.74
-5.74
-5.84
-5.72
-5.65
-5.59
-5.74
-5.74
-5.62
-5.47
-5.66
-5.59
-5.68
-5.81
-5.7
-5.7
-5.58
-5.76
-5.75
-5.89
-5.66
-5.61
-5.68
-5.52
-5.56
-5.69
-5.62
-5.52
-5.77
-5.24
-5.17
-5.21
-5.57
-5.07
-4.79
-4.42
-4.63
-4.75
-4.91
-5.36
-5.45
-5.11
-5.19
-5.19
-5.14
-5.07
-5.4
-5.18
-4.88
-4.62
-4.83
-4.56
-4.65
-4.21
-3.95
-3.83
-3.54
-3.97
-4.31
-4.64
-4.64
-4.79
-4.79
-5.13
-5.06
-5.08
-5.08
-5.28
-5.48
-5.1
-4.91
-5.19
-5.48
-5.25
-5.28
-5.1
-4.65
-4.51
-4.41
-4.81
-4.46
-4.84
-4.84
-4.72
-4.81
-4.87
-5.07
-5.07
-4.98
-4.99
-4.53
-4.17
-4.22
-4.39
-4.35
-4.47
-4.34
-4.25
-4.08
-4.17
-4.72
-4.6
-4.6
-4.64
-4.64
-4.36
-4.36
-4.5
-4.48
-4.78
-4.56
-4.15
-3.69
-3.64
-3.75
-3.81
-3.95
-4.24
-4.0
-4.15
-4.13
-4.04
-4.05
-4.24
-4.24
-4.24
-4.18
-4.15
-4.16
-3.98
-4.14
-4.72
-4.54
-4.07
-4.08
-3.84
-3.76
-3.74
-4.28
-4.51
-4.29
-4.45
-4.43
-4.52
-4.52
-4.45
-4.64
-4.51
-4.51
-4.71
-4.65
-5.0
-4.91
-5.02
-4.97
-4.85
-5.03
-5.1
-5.06
-5.02
-4.94
-4.9
-4.84
-4.7
-4.7
-4.64
-4.69
-4.75
-4.87
-4.87
-4.97
-5.03
-4.55
-4.65
-4.9
-4.52
-4.82
-4.45
-4.25
-4.16
-4.19
-4.63
-4.83
-4.42
-4.21
-4.36
-4.51
-4.72
-4.91
-4.91
-4.8
-4.74
-4.76
-4.76
-4.83
-4.85
-4.86
-4.51
-4.99
-5.23
-5.18
-5.02
-5.07
-5.02
-5.13
-4.97
-4.97
-4.96
-4.93
-5.06
-5.21
-5.1
-5.1
-4.99
-5.09
-5.09
-5.05
-5.03
-4.97
-4.96
-4.87
-4.87
-4.86
-4.8
-4.86
-4.8
-4.71
-4.79
-4.9
-4.8
-4.77
-4.73
-4.78
-4.64
-4.81
-4.81
-4.78
-4.81
-4.83
-4.8
-4.77
-4.64
-4.38
-4.49
-4.34
-4.16
-3.93
-4.19
-4.19
-4.24
-4.14
-3.93
-3.88
-3.8
-3.8
-3.96
-4.02
-4.43
-4.32
-4.32
-4.18
-4.11
-4.3
-4.9
-4.85
-4.35
-4.17
-4.13
-3.86
-3.74
-3.96
-4.26
-4.5
-4.07
-4.25
-4.3
-4.37
-4.37
-4.38
-4.45
-4.91
-4.91
-5.02
-4.75
-4.75
-4.67
-4.55
-4.37
-4.55
-4.06
-3.88
-3.53
-4.01
-3.84
-3.9
-4.0
-4.06
-3.97
-3.86
-3.6
-3.73
-3.87
-4.06
-3.96
-3.95
-3.82
-3.82
-4.16
-4.54
-4.42
-4.57
-4.27
-4.15
-3.91
-3.45
-3.76
-4.06
-4.19
-3.97
-4.06
-4.23
-4.44
-4.43
-4.43
-4.41
-4.53
-4.87
-5.18
-5.18
-4.76
-4.55
-4.72
-4.56
-4.44
-4.32
-4.27
-4.07
-4.07
-3.96
-3.89
-3.85
-4.02
-3.89
-3.86
-3.88
-3.18
-3.61
-3.85
-3.56
-3.56
-3.89
-3.91
-3.75
-3.92
-4.21
-3.7
-3.35
-3.28
-3.93
-4.37
-4.4
-4.81
-4.78
-4.94
-5.21
-5.41
-5.11
-5.3
-5.12
-5.11
-4.9
-5.01
-5.01
-4.91
-4.93
-4.42
-4.6
-4.5
-4.28
-4.53
-4.32
-4.7
-5.05
-4.79
-4.8
-4.75
-4.41
-4.61
-4.35
-4.42
-4.42
-4.49
-4.46
-4.24
-4.24
-4.28
-4.28
-4.42
-4.25
-4.27
-4.32
-4.55
-4.68
-4.57
-4.53
-4.41
-4.42
-4.46
-4.46
-4.37
-4.35
-4.31
-4.16
-4.16
-4.0
-4.0
-4.08
-4.01
-4.01
-4.02
-4.04
-3.93
-4.03
-4.06
-3.83
-3.91
-3.89
-3.94
-3.96
-4.01
-4.07
-4.1
-4.1
-4.18
-4.15
-4.27
-4.27
-4.29
-4.34
-4.66
-4.66
-4.42
-4.31
-4.19
-4.06
-4.28
-4.54
-4.67
-4.8
-5.0
-5.08
-4.87
-4.64
-4.64
-4.52
-4.61
-4.48
-4.48
-4.4
-4.4
-4.43
-4.58
-4.6
-4.48
-4.32
-4.25
-4.22
-4.37
-4.37
-4.44
-4.56
-4.43
-4.55
-4.4
-4.38
-4.33
-4.14
-3.72
-3.71
-3.76
-3.48
-3.48
-3.76
-3.54
-3.68
-3.37
-3.48
-3.5
-3.26
-3.48
-3.63
-3.63
-3.62
-4.23
-4.31
-4.18
-4.1
-3.99
-4.21
-4.32
-4.07
-4.07
-3.8
-3.8
-3.99
-3.73
-3.73
-3.93
-4.13
-4.37
-4.23
-4.03
-4.11
-4.45
-4.49
-4.39
-3.91
-4.04
-3.61
-3.37
-3.38
-3.38
-3.91
-3.82
-3.93
-4.14
-4.25
-4.22
-3.99
-4.02
-3.97
-3.97
-4.07
-4.39
-4.67
-4.92
-4.51
-4.39
-4.66
-4.9
-4.45
-4.04
-3.63
-3.55
-4.28
-4.39
-4.12
-3.9
-3.9
-3.74
-3.74
-4.11
-4.32
-4.37
-4.11
-3.73
-3.45
-3.16
-3.82
-4.34
-4.34
-4.21
-4.31
-4.41
-4.46
-4.59
-4.59
-4.58
-4.58
-4.74
-4.54
-4.22
-4.24
-4.25
-4.24
-4.2
-4.18
-4.04
-4.04
-4.12
-4.44
-4.41
-4.31
-4.54
-4.35
-4.42
-4.36
-4.17
-4.21
-4.15
-4.02
-4.02
-3.83
-3.95
-3.91
-4.15
-4.09
-4.04
-4.35
-4.24
-4.16
-4.2
-4.19
-4.14
-4.1
-4.11
-4.14
-4.13
-4.03
-4.09
-3.84
-4.16
-4.16
-4.69
-4.45
-4.04
-3.93
-4.09
-4.23
-4.05
-4.01
-3.82
-3.72
-3.64
-3.6
-3.24
-2.97
-3.61
-3.55
-3.65
-3.58
-3.65
-3.76
-3.72
-3.6
-3.57
-3.57
-3.56
-3.56
-3.54
-3.52
-3.49
-3.32
-3.32
-3.32
-3.23
-2.96
-2.82
-2.92
-2.63
-2.7
-2.35
-1.97
-2.43
-2.69
-2.79
-2.83
-2.93
-3.04
-3.05
-3.02
-3.1
-3.06
-3.06
-3.06
-3.31
-3.38
-3.48
-3.35
-3.35
-3.33
-3.22
-3.33
-3.28
-3.46
-3.38
-3.42
-3.35
-3.38
-3.65
-3.52
-3.64
-3.65
-3.68
-3.65
-3.5
-3.87
-4.09
-3.8
-3.99
-4.09
-4.09
-4.03
-3.98
-3.75
-3.84
-3.68
-3.73
-3.62
-3.65
-3.01
-3.01
-2.93
-3.04
-3.26
-3.41
-3.35
-3.16
-3.08
-2.95
-2.88
-2.96
-3.05
-3.13
-3.2
-3.17
-3.17
-3.14
-3.14
-3.09
-2.89
-2.92
-3.07
-3.09
-2.56
-2.71
-2.72
-2.74
-2.97
-2.75
-2.79
-3.21
-3.21
-3.3
-3.29
-3.07
-3.07
-2.75
-2.82
-3.15
-2.92
-2.94
-2.82
-2.7
-2.78
-2.82
-2.79
-3.0
-3.02
-2.85
-3.43
-3.46
-3.61
-3.78
-3.51
-3.32
-2.9
-2.7
-2.79
-2.79
-2.7
-2.39
-2.0
-2.55
-2.32
-2.69
-2.69
-2.78
-2.94
-2.94
-2.77
-2.37
-2.54
-2.52
-2.43
-2.61
-2.61
-2.48
-2.42
-2.52
-2.52
-2.59
-2.52
-2.5
-2.5
-2.57
-2.64
-2.62
-2.74
-2.74
-2.88
-2.91
-3.05
-3.54
-3.55
-3.48
-4.22
-3.89
-3.36
-3.21
-3.12
-2.9
-2.9
-3.45
-3.31
-3.31
-2.96
-2.78
-2.64
-2.94
-3.12
-3.17
-2.79
-2.07
-2.93
-3.27
-3.25
-2.89
-2.47
-2.93
-3.47
-3.27
-3.27
-3.2
-3.3
-3.25
-3.11
-3.14
-2.95
-2.72
-2.59
-2.58
-2.51
-2.7
-2.82
-2.62
-2.71
-2.66
-2.78
-2.79
-2.88
-2.88
-2.84
-2.84
-2.85
-2.87
-2.82
-2.76
-2.84
-2.89
-2.86
-2.9
-3.02
-3.04
-3.03
-3.22
-3.01
-2.73
-2.64
-2.86
-3.11
-2.97
-2.74
-2.98
-2.98
-2.9
-3.16
-3.38
-3.55
-3.25
-3.71
-3.92
-4.42
-4.01
-4.06
-4.04
-4.36
-4.31
-4.19
-4.09
-4.23
-4.65
-4.65
-4.28
-3.9
-3.85
-3.97
-4.19
-4.64
-4.91
-4.94
-4.85
-4.79
-4.59
-4.24
-4.16
-4.05
-3.99
-4.14
-4.24
-3.92
-4.17
-4.22
-4.07
-4.05
-4.05
-3.94
-3.48
-3.68
-4.38
-4.31
-3.74
-3.81
-3.51
-3.33
-3.56
-4.09
-3.96
-3.71
-3.93
-4.03
-4.0
-3.84
-3.99
-4.02
-4.02
-3.83
-3.74
-3.72
-3.82
-3.75
-3.72
-3.5
-3.71
-3.29
-3.14
-3.28
-3.49
-3.54
-4.19
-3.9
-3.86
-3.84
-3.85
-3.71
-3.92
-4.06
-4.06
-3.86
-3.58
-3.71
-3.29
-3.15
-2.91
-3.23
-3.24
-3.23
-3.36
-3.31
-3.31
-3.12
-2.94
-2.92
-2.73
-2.71
-2.75
-3.16
-2.48
-2.79
-2.57
-2.75
-3.31
-3.17
-3.21
-3.7
-3.78
-3.65
-3.15
-3.15
-3.61
-3.56
-3.48
-3.41
-3.56
-3.65
-3.58
-3.96
-3.69
-3.76
-3.87
-3.56
-3.9
-4.01
-3.87
-3.92
-3.94
-3.75
-3.62
-3.87
-4.04
-3.79
-3.79
-3.71
-3.7
-3.76
-3.97
-3.97
-4.03
-3.57
-4.09
-3.96
-4.0
-4.06
-4.13
-4.34
-4.25
-4.09
-4.3
-4.34
-4.84
-4.87
-4.82
-4.82
-4.8
-4.69
-4.52
-4.43
-4.38
-4.48
-4.79
-4.27
-3.94
-3.91
-4.22
-4.5
-4.25
-4.78
-4.61
-4.43
-3.82
-3.39
-3.32
-3.57
-4.03
-3.9
-3.94
-4.08
-4.08
-4.11
-4.34
-4.7
-4.61
-4.85
-5.05
-4.86
-4.59
-4.46
-3.52
-4.01
-4.47
-4.4
-4.19
-4.02
-4.02
-3.67
-3.39
-3.62
-3.85
-3.85
-3.85
-3.72
-3.6
-3.63
-3.69
-3.78
-3.04
-2.62
-2.98
-2.85
-3.61
-3.44
-3.25
-3.07
-3.6
-3.48
-3.24
-3.87
-3.87
-3.4
-4.0
-3.5
-3.17
-3.46
-3.76
-3.72
-4.21
-4.5
-4.58
-4.61
-4.7
-4.71
-4.73
-4.89
-4.89
-4.7
-4.73
-4.68
-4.68
-4.54
-4.58
-4.75
-4.81
-4.47
-4.06
-4.12
-4.19
-4.84
-4.73
-4.86
-5.04
-5.08
-4.61
-4.34
-4.13
-4.41
-4.61
-4.21
-4.54
-4.56
-4.56
-4.29
-4.4
-4.39
-4.73
-4.44
-4.57
-4.63
-4.44
-4.35
-4.48
-4.16
-4.57
-4.73
-4.71
-4.5
-4.48
-4.42
-4.43
-4.4
-4.32
-4.38
-4.51
-4.28
-4.28
-4.35
-4.24
-4.24
-4.1
-4.17
-4.06
-4.3
-4.45
-4.53
-4.4
-4.36
-4.31
-4.44
-4.51
-4.37
-4.28
-4.47
-4.45
-4.6
-4.73
-4.74
-4.74
-4.77
-4.79
-4.84
-4.95
-4.73
-4.6
-4.68
-4.42
-4.37
-4.18
-4.23
-4.6
-4.52
-4.6
-4.6
-4.63
-4.64
-4.65
-4.55
-4.46
-4.46
-4.46
-4.46
-4.63
-4.64
-4.67
-4.64
-4.63
-4.57
-4.73
-4.62
-4.57
-4.49
-4.34
-4.25
-4.19
-4.31
-4.38
-4.46
-4.28
-4.02
-4.02
-4.46
-4.52
-4.75
-5.01
-5.22
-5.39
-5.51
-5.48
-5.68
-5.25
-5.05
-5.02
-5.3
-5.15
-4.82
-4.41
-4.53
-4.64
-5.03
-5.06
-5.01
-5.01
-4.64
-4.19
-4.22
-4.22
-4.12
-4.68
-4.67
-4.51
-4.71
-5.03
-4.72
-4.73
-4.82
-4.75
-4.37
-4.3
-4.7
-4.64
-4.55
-4.55
-4.51
-4.75
-4.62
-4.36
-4.36
-4.18
-4.2
-4.37
-4.15
-4.72
-4.48
-4.5
-4.57
-4.76
-4.38
-4.66
-4.5
-4.42
-4.35
-4.39
-4.39
-4.44
-4.17
-4.05
-3.86
-3.57
-3.77
-3.8
-3.7
-3.78
-3.79
-3.76
-3.77
-3.85
-4.0
-3.74
-3.61
-3.47
-3.62
-3.74
-3.86
-3.78
-3.78
-3.92
-3.82
-3.82
-3.95
-3.9
-3.81
-3.7
-3.87
-3.94
-3.9
-3.82
-3.59
-3.4
-3.38
-3.69
-3.69
-3.66
-3.62
-3.54
-3.54
-3.5
-3.5
-3.52
-3.4
-3.27
-3.43
-3.38
-3.4
-3.47
-3.44
-3.49
-3.6
-3.5
-3.61
-3.46
-3.49
-3.38
-3.46
-3.81
-3.88
-3.88
-3.75
-3.51
-3.48
-3.35
-3.35
-3.24
-3.18
-3.25
-3.19
-2.98
-2.96
-3.2
-3.13
-3.06
-3.15
-3.19
-3.18
-3.3
-3.36
-3.47
-3.47
-3.67
-3.1
-3.1
-3.13
-3.05
-2.93
-2.74
-2.83
-3.23
-2.25
-2.6
-2.69
-2.8
-2.71
-2.87
-3.19
-2.85
-2.83
-2.95
-2.52
-2.31
-2.31
-2.46
-2.72
-2.52
-2.34
-2.61
-2.64
-2.14
-2.2
-2.38
-3.01
-2.98
-2.62
-2.9
-2.48
-2.6
-2.29
-2.56
-3.1
-2.62
-2.7
-2.7
-2.42
-2.12
-2.09
-1.98
-2.11
-2.12
-2.3
-2.96
-3.01
-3.08
-3.28
-3.22
-3.0
-2.89
-2.68
-2.59
-2.83
-2.76
-2.7
-2.73
-2.8
-2.57
-2.86
-2.86
-2.96
-2.84
-2.77
-2.88
-2.98
-3.02
-2.95
-3.08
-3.1
-2.91
-2.85
-2.85
-2.8
-3.14
-3.1
-3.08
-3.08
-3.11
-3.09
-3.23
-3.13
-3.06
-3.15
-3.08
-2.87
-2.76
-2.69
-2.71
-2.69
-2.68
-2.69
-2.76
-2.63
-2.55
-2.5
-2.61
-2.6
-2.5
-2.47
-2.27
-2.26
-2.26
-2.49
-2.4
-2.71
-2.59
-2.51
-2.6
-2.69
-2.65
-2.39
-2.19
-2.05
-2.16
-2.2
-2.41
-2.48
-2.35
-1.99
-2.41
-1.99
-2.18
-2.26
-2.26
-2.48
-2.29
-2.08
-2.36
-2.54
-2.66
-2.62
-2.68
-2.8
-2.88
-2.85
-2.98
-3.06
-2.74
-2.73
-2.89
-2.67
-2.7
-2.64
-2.81
-2.94
-2.94
-2.98
-3.05
-3.05
-2.94
-2.84
-2.82
-2.72
-2.73
-2.59
-2.48
-2.47
-2.44
-2.4
-2.39
-2.29
-2.15
-2.27
-2.49
-2.7
-2.64
-2.67
-2.69
-2.72
-2.73
-2.73
-2.77
-2.72
-2.72
-2.72
-2.8
-2.88
-2.66
-2.59
-2.64
-2.53
-2.37
-2.22
-2.3
-2.41
-2.42
-2.55
-2.64
-2.61
-2.56
-2.56
-2.56
-2.44
-2.62
-2.85
-2.85
-2.65
-2.52
-2.5
-2.76
-2.89
-2.51
-2.33
-2.16
-2.27
-2.35
-2.37
-2.29
-2.34
-2.41
-2.54
-2.63
-2.49
-2.3
-2.39
-2.45
-2.37
-2.36
-2.36
-2.3
-2.25
-2.22
-2.22
-2.33
-2.6
-2.51
-2.57
-2.65
-2.56
-2.62
-2.58
-2.53
-2.64
-2.53
-2.66
-2.59
-2.41
-2.34
-2.34
-2.36
-2.45
-2.48
-2.69
-2.66
-2.81
-2.92
-2.99
-2.86
-2.77
-2.66
-2.47
-2.37
-2.31
-2.42
-2.43
-2.41
-2.41
-2.38
-2.55
-2.69
-2.51
-2.46
-2.35
-2.3
-2.22
-2.26
-2.3
-2.23
-2.28
-2.22
-2.22
-2.17
-2.07
-2.01
-2.16
-2.11
-2.08
-2.05
-2.07
-2.07
-2.03
-2.09
-2.12
-2.03
-1.64
-1.75
-2.37
-2.26
-2.16
-2.25
-2.03
-2.13
-2.09
-2.16
-2.02
-2.45
-2.44
-2.5
-2.67
-2.67
-2.55
-2.58
-2.23
-2.24
-2.07
-2.44
-2.28
-2.39
-2.56
-2.48
-2.54
-2.45
-2.63
-2.62
-2.73
-2.73
-2.8
-2.87
-2.82
-2.88
-2.88
-2.74
-2.85
-2.82
-2.64
-2.77
-2.66
-2.69
-2.94
-3.13
-3.26
-3.25
-3.16
-3.05
-3.0
-2.98
-2.91
-2.91
-2.84
-2.91
-2.87
-2.82
-2.75
-2.66
-2.65
-2.69
-2.59
-2.64
-2.55
-2.71
-2.55
-2.51
-2.44
-2.31
-2.33
-2.19
-2.11
-2.55
-2.46
-2.35
-2.04
-1.89
-1.82
-1.82
-1.94
-2.07
-1.94
-1.94
-2.05
-1.96
-1.86
-1.91
-1.86
-1.84
-1.78
-1.73
-1.67
-1.82
-1.8
-2.04
-1.98
-1.88
-1.73
-1.83
-1.91
-2.1
-2.1
-2.24
-2.39
-2.52
-2.46
-2.56
-2.56
-2.73
-2.52
-2.38
-2.37
-2.63
-2.5
-2.24
-2.32
-2.47
-2.38
-2.22
-2.36
-2.5
-2.46
-2.46
-2.44
-2.4
-2.23
-2.18
-2.05
-2.11
-2.09
-2.09
-2.07
-2.42
-2.65
-2.52
-2.25
-2.47
-2.43
-2.43
-2.42
-2.44
-2.15
-2.09
-2.08
-2.08
-2.02
-2.16
-2.15
-2.57
-2.76
-2.53
-2.35
-2.37
-2.41
-2.52
-2.78
-2.47
-2.3
-2.09
-1.95
-2.03
-2.15
-2.16
-2.09
-2.49
-2.5
-2.5
-2.69
-2.58
-2.5
-2.61
-2.59
-2.6
-2.59
-2.4
-2.55
-2.75
-2.81
-2.94
-2.72
-2.46
-2.54
-2.41
-2.45
-2.5
-2.56
-2.56
-2.74
-2.62
-2.59
-2.62
-2.62
-2.99
-2.86
-2.76
-2.67
-2.52
-2.55
-2.32
-2.55
-2.64
-2.66
-2.62
-2.56
-2.52
-2.55
-2.66
-2.9
-2.9
-2.9
-2.73
-2.74
-2.61
-2.7
-2.78
-2.87
-2.88
-2.9
-2.74
-2.54
-2.59
-2.55
-2.49
-2.46
-2.57
-2.7
-2.75
-2.73
-2.91
-2.91
-2.99
-2.7
-2.7
-2.51
-2.6
-2.58
-2.34
-2.43
-2.56
-2.38
-2.26
-2.22
-2.23
-2.42
-2.63
-2.77
-2.69
-2.68
-2.95
-2.77
-3.26
-3.26
-3.53
-3.48
-3.57
-3.61
-3.56
-3.49
-3.2
-3.04
-2.9
-2.75
-2.64
-2.67
-2.6
-2.73
-2.77
-2.86
-2.97
-3.1
-3.1
-2.82
-2.58
-2.61
-2.59
-2.57
-2.2
-2.03
-2.17
-2.22
-2.26
-2.21
-2.2
-2.29
-2.17
-2.15
-2.1
-2.27
-2.22
-2.2
-2.1
-2.11
-2.11
-2.06
-2.05
-2.03
-1.94
-2.03
-2.05
-1.99
-1.97
-2.05
-2.04
-2.12
-2.12
-2.11
-2.14
-2.12
-2.21
-2.22
-2.26
-2.26
-2.26
-2.27
-2.31
-2.4
-2.35
-2.3
-2.26
-2.38
-2.26
-2.28
-2.18
-2.18
-2.1
-2.16
-2.1
-1.96
-2.03
-2.11
-1.99
-1.84
-1.84
-1.89
-1.88
-1.78
-1.75
-1.77
-1.79
-1.73
-1.69
-1.87
-1.79
-1.8
-1.72
-1.67
-1.84
-1.88
-1.87
-1.85
-1.86
-1.91
-1.93
-1.68
-1.68
-1.78
-1.79
-1.71
-1.79
-1.75
-1.71
-1.91
-1.82
-1.95
-2.03
-1.97
-1.93
-1.93
-1.84
-1.84
-1.74
-1.7
-1.62
-1.66
-1.64
-1.64
-1.56
-1.71
-1.81
-2.12
-2.12
-1.98
-2.04
-2.04
-2.05
-2.03
-1.91
-2.0
-2.05
-1.86
-1.73
-1.75
-1.8
-1.86
-1.99
-1.93
-1.93
-2.2
-2.03
-1.67
-1.81
-1.97
-1.92
-1.92
-1.86
-1.95
-2.01
-2.18
-2.17
-2.1
-2.26
-2.27
-2.27
-2.27
-2.33
-2.14
-2.03
-2.2
-2.01
-2.18
-2.02
-1.88
-1.95
-1.9
-1.88
-1.88
-1.79
-1.72
-1.92
-2.21
-2.3
-2.2
-2.07
-1.91
-1.79
-1.89
-1.71
-1.86
-1.76
-1.7
-2.09
-1.88
-1.92
-1.87
-1.88
-2.03
-2.03
-2.0
-2.13
-2.1
-2.15
-1.95
-1.81
-1.77
-1.71
-1.84
-1.85
-2.11
-2.14
-2.22
-2.27
-1.94
-1.96
-1.99
-2.04
-2.01
-2.01
-2.01
-1.94
-1.83
-1.84
-1.8
-1.66
-1.75
-1.96
-2.07
-2.1
-1.84
-2.2
-2.36
-2.25
-2.31
-2.14
-1.98
-2.25
-2.26
-2.14
-2.18
-2.18
-2.1
-2.12
-2.39
-2.41
-2.23
-2.01
-1.98
-1.91
-1.86
-1.74
-1.84
-1.85
-1.93
-1.94
-1.99
-1.9
-1.83
-1.87
-2.1
-1.93
-1.93
-1.82
-1.74
-1.46
-1.43
-1.35
-1.34
-1.33
-1.76
-1.73
-1.67
-1.73
-1.92
-1.84
-1.87
-1.74
-1.64
-1.6
-1.58
-1.71
-1.72
-1.87
-1.86
-1.79
-1.79
-1.73
-1.6
-1.6
-1.5
-1.63
-1.5
-1.62
-1.54
-1.66
-1.61
-1.61
-1.57
-1.64
-1.58
-1.65
-1.9
-1.93
-1.78
-1.63
-1.27
-1.26
-1.76
-1.76
-1.69
-1.77
-1.6
-1.35
-1.4
-1.39
-1.24
-1.22
-1.2
-1.31
-1.49
-1.57
-1.53
-1.65
-1.66
-1.68
-1.63
-1.6
-1.6
-1.7
-1.7
-1.68
-1.72
-1.51
-1.32
-1.28
-1.16
-1.05
-0.99
-0.95
-1.01
-0.96
-1.15
-1.06
-1.18
-1.13
-0.95
-0.82
-1.06
-1.07
-1.28
-1.28
-1.33
-1.25
-1.32
-1.33
-1.26
-1.19
-1.19
-1.25
-1.32
-1.63
-1.74
-1.77
-1.5
-1.49
-1.67
-1.67
-1.77
-1.48
-1.37
-1.5
-1.5
-1.48
-1.43
-1.48
-1.47
-1.49
-1.57
-1.57
-1.51
-1.49
-1.37
-1.41
-1.35
-1.39
-1.55
-1.52
-1.57
-1.39
-1.29
-1.39
-1.4
-1.47
-1.61
-1.61
-1.54
-1.88
-1.87
-1.74
-1.74
-1.58
-1.34
-1.35
-1.17
-1.07
-1.03
-1.12
-1.09
-1.19
-1.08
-1.1
-1.16
-1.41
-1.25
-1.25
-1.5
-1.33
-1.44
-1.25
-1.3
-1.22
-1.34
-1.58
-2.17
-1.96
-1.72
-1.53
-1.24
-1.4
-1.52
-1.64
-1.8
-1.75
-1.64
-1.78
-1.87
-1.84
-1.84
-1.56
-1.7
-1.84
-1.93
-2.12
-2.16
-2.29
-2.33
-2.61
-2.58
-1.99
-1.75
-2.05
-2.15
-2.22
-2.28
-2.13
-2.08
-2.19
-2.58
-2.59
-2.55
-2.48
-2.66
-2.6
-2.47
-2.47
-2.66
-2.6
-2.48
-2.57
-2.56
-2.46
-2.17
-2.17
-2.32
-2.35
-2.33
-2.4
-2.48
-2.44
-2.34
-2.26
-1.96
-1.81
-1.7
-1.71
-1.45
-1.45
-1.53
-1.6
-1.27
-1.47
-1.75
-1.66
-1.85
-2.0
-1.94
-2.01
-2.07
-2.24
-2.23
-2.47
-2.28
-2.17
-2.37
-2.42
-2.42
-2.29
-2.46
-2.52
-2.5
-2.49
-2.45
-2.46
-2.28
-2.47
-2.59
-2.47
-2.68
-2.65
-2.54
-2.5
-2.23
-2.7
-2.53
-3.02
-2.7
-2.45
-1.99
-1.99
-2.24
-2.24
-2.26
-2.26
-2.3
-2.63
-2.57
-2.71
-2.7
-2.65
-2.71
-2.67
-2.48
-2.22
-2.37
-2.47
-2.56
-2.53
-2.51
-2.67
-2.72
-2.73
-2.68
-2.68
-2.79
-2.52
-2.52
-2.55
-2.66
-2.72
-2.65
-2.52
-2.47
-2.46
-2.2
-2.25
-2.27
-2.27
-2.19
-2.07
-1.97
-2.0
-1.79
-1.79
-1.83
-2.03
-1.89
-1.96
-1.9
-1.52
-1.59
-1.86
-1.79
-1.64
-1.6
-1.81
-2.35
-2.18
-2.11
-2.23
-2.14
-2.22
-2.03
-2.13
-2.27
-2.27
-2.15
-2.04
-2.2
-2.15
-2.11
-1.78
-1.77
-1.4
-1.51
-1.58
-1.26
-0.88
-1.3
-1.41
-1.73
-1.64
-1.9
-1.9
-1.6
-2.02
-2.04
-1.96
-1.85
-1.81
-2.09
-2.04
-2.05
-1.96
-1.9
-2.09
-2.25
-2.53
-2.37
-2.21
-2.15
-2.01
-2.42
-2.5
-2.02
-2.15
-2.19
-2.15
-1.95
-1.95
-1.98
-2.27
-2.4
-2.36
-2.63
-2.61
-2.8
-2.68
-2.69
-2.55
-2.31
-2.35
-2.37
-2.46
-2.39
-2.45
-2.22
-2.14
-2.0
-1.94
-2.31
-2.31
-2.34
-2.64
-2.36
-2.29
-2.03
-2.3
-2.19
-2.15
-2.09
-2.25
-2.42
-2.78
-2.73
-2.78
-2.97
-2.86
-2.9
-3.08
-3.08
-3.12
-3.04
-3.05
-3.05
-3.09
-3.09
-3.21
-3.16
-3.17
-2.95
-2.86
-2.72
-2.63
-2.66
-2.86
-2.89
-2.97
-2.74
-2.74
-2.74
-3.03
-3.17
-3.14
-2.98
-2.8
-2.64
-2.64
-2.81
-2.73
-2.69
-2.7
-2.77
-2.63
-2.59
-2.71
-2.67
-2.63
-2.59
-2.82
-3.2
-3.02
-2.8
-2.94
-2.77
-2.58
-2.85
-2.91
-2.91
-2.91
-2.91
-2.91
-2.85
-2.7
-2.67
-2.64
-2.72
-2.65
-2.72
-2.66
-2.66
-2.6
-2.54
-2.5
-2.5
-2.44
-2.43
-2.43
-2.44
-2.42
-2.42
-2.42
-2.6
-2.57
-2.6
-2.53
-2.61
-2.73
-2.69
-2.63
-2.62
-2.59
-2.69
-2.73
-2.69
-2.65
-2.68
-3.01
-2.73
-2.68
-2.67
-2.67
-2.87
-2.88
-2.88
-2.9
-2.95
-2.95
-2.93
-2.87
-2.9
-2.87
-2.94
-2.9
-2.86
-2.94
-3.06
-3.23
-3.3
-3.29
-3.23
-3.15
-3.23
-3.33
-3.33
-3.28
-3.17
-3.19
-3.0
-3.1
-3.02
-3.04
-3.07
-3.18
-3.06
-3.24
-3.06
-3.12
-2.99
-2.98
-3.04
-2.86
-3.0
-3.1
-3.1
-2.96
-3.16
-2.94
-2.97
-3.06
-3.05
-2.95
-3.14
-3.05
-3.03
-2.94
-3.14
-3.18
-3.07
-3.26
-3.18
-3.08
-3.19
-3.32
-3.32
-3.32
-3.27
-3.12
-3.08
-2.92
-2.89
-2.95
-2.94
-2.87
-2.95
-2.87
-2.9
-2.94
-2.94
-2.78
-2.85
-2.83
-2.9
-2.98
-2.98
-2.73
-2.55
-2.55
-2.14
-2.33
-2.53
-2.5
-2.42
-2.38
-2.44
-2.54
-2.83
-2.79
-2.93
-2.84
-2.69
-2.49
-2.7
-2.77
-2.78
-2.69
-2.56
-2.56
-2.65
-2.66
-2.58
-2.44
-2.63
-2.52
-2.68
-2.73
-2.76
-2.85
-2.94
-2.95
-2.95
-2.87
-2.88
-2.92
-2.88
-2.93
-2.93
-2.9
-2.89
-2.89
-2.9
-2.79
-2.84
-2.99
-2.87
-2.83
-2.64
-2.62
-2.49
-2.75
-2.79
-2.65
-2.75
-2.66
-2.7
-2.54
-2.59
-2.59
-2.76
-3.02
-2.79
-2.53
-2.66
-2.59
-2.51
-2.69
-2.64
-2.46
-2.5
-2.64
-2.67
-2.68
-2.78
-3.09
-2.94
-2.92
-2.89
-2.89
-3.08
-3.1
-3.17
-3.01
-3.2
-3.22
-3.19
-3.25
-3.33
-3.33
-3.55
-3.42
-3.32
-3.31
-3.18
-3.19
-3.33
-3.27
-3.44
-3.43
-3.38
-3.71
-3.71
-3.47
-3.46
-3.43
-3.43
-3.44
-3.48
-3.37
-3.37
-3.4
-3.43
-3.37
-3.41
-3.5
-3.36
-3.33
-3.16
-3.37
-3.48
-3.33
-3.37
-3.29
-3.31
-3.37
-3.28
-3.24
-3.11
-3.18
-3.18
-3.11
-3.03
-3.03
-3.03
-3.05
-3.01
-2.97
-2.95
-2.97
-2.97
-2.88
-2.76
-2.88
-2.88
-3.0
-2.98
-3.04
-3.0
-3.01
-3.13
-3.17
-3.17
-3.16
-3.06
-3.02
-2.96
-3.11
-3.08
-3.12
-3.1
-3.04
-3.01
-3.06
-3.1
-3.25
-3.29
-3.25
-3.25
-3.23
-3.24
-3.0
-2.87
-2.8
-2.66
-2.26
-2.23
-2.23
-2.47
-2.54
-2.43
-2.6
-2.93
-2.93
-2.87
-2.93
-2.79
-2.75
-2.78
-3.09
-3.13
-3.04
-2.95
-2.89
-2.84
-2.87
-2.8
-2.8
-2.92
-2.93
-3.03
-3.17
-2.9
-2.94
-3.09
-3.11
-3.04
-2.88
-2.68
-2.71
-2.68
-2.63
-2.63
-2.69
-2.55
-2.46
-2.24
-2.24
-2.34
-2.69
-2.76
-2.78
-2.77
-2.74
-2.72
-2.7
-2.69
-2.61
-2.58
-2.53
-2.44
-2.45
-2.56
-2.61
-2.79
-2.78
-2.64
-2.68
-2.68
-2.54
-2.46
-2.36
-2.25
-2.07
-2.11
-2.22
-2.22
-2.29
-2.36
-2.57
-2.59
-2.57
-2.26
-2.14
-1.88
-1.85
-1.87
-1.87
-1.81
-1.76
-1.76
-1.92
-1.86
-1.95
-1.89
-2.02
-2.09
-2.15
-2.04
-2.12
-1.99
-2.22
-2.27
-2.2
-2.23
-2.19
-2.28
-2.18
-2.3
-2.29
-2.11
-2.22
-2.07
-1.95
-2.0
-2.13
-2.14
-2.13
-2.13
-2.12
-1.88
-1.81
-1.72
-1.68
-1.7
-1.77
-1.84
-1.92
-2.01
-2.18
-2.32
-2.63
-2.63
-2.22
-2.19
-2.32
-2.35
-2.44
-2.38
-2.38
-2.31
-2.28
-2.27
-2.44
-2.4
-2.36
-2.51
-2.56
-2.5
-2.53
-2.68
-3.02
-2.97
-2.93
-2.69
-2.63
-2.57
-2.71
-2.8
-2.9
-2.9
-2.78
-2.84
-2.68
-2.74
-3.36
-3.6
-3.46
-3.42
-3.34
-3.69
-3.99
-2.95
-3.47
-3.95
-3.82
-3.78
-3.49
-3.5
-3.44
-3.2
-3.07
-3.07
-3.46
-3.72
-3.63
-3.77
-4.1
-4.09
-3.76
-3.71
-3.48
-3.38
-3.66
-3.75
-3.67
-3.43
-3.17
-2.85
-3.02
-3.07
-3.05
-2.8
-2.8
-2.89
-3.18
-3.3
-3.8
-3.49
-3.5
-3.05
-4.71
-4.47
-4.54
-4.79
-4.95
-5.1
-5.05
-4.59
-4.13
-4.28
-3.96
-4.38
-4.46
-4.46
-4.65
-4.59
-4.61
-4.63
-4.61
-4.56
-4.73
-4.95
-4.87
-5.22
-5.17
-5.09
-5.01
-4.95
-4.79
-4.64
-4.65
-4.65
-4.65
-4.65
-4.54
-4.54
-4.45
-4.6
-4.6
-4.57
-4.6
-4.84
-4.85
-4.82
-4.86
-4.9
-4.87
-4.81
-4.74
-4.6
-4.51
-4.45
-4.48
-4.54
-4.52
-4.52
-4.47
-4.34
-4.43
-4.48
-4.53
-4.66
-4.75
-4.5
-4.33
-4.33
-4.4
-4.53
-4.6
-4.71
-4.55
-4.77
-4.77
-4.53
-4.1
-4.25
-4.18
-3.97
-3.97
-3.89
-4.02
-4.02
-4.39
-4.39
-4.27
-4.29
-4.28
-4.25
-4.5
-4.67
-4.8
-4.89
-4.6
-4.68
-4.56
-4.45
-4.25
-4.13
-4.15
-4.26
-4.2
-4.06
-3.99
-3.99
-3.78
-3.78
-3.78
-3.76
-3.65
-3.4
-3.39
-3.66
-3.52
-3.77
-3.62
-3.65
-3.61
-3.58
-3.59
-3.56
-3.6
-3.59
-3.45
-3.45
-3.35
-3.35
-3.34
-3.26
-3.35
-3.3
-3.41
-3.24
-3.2
-3.14
-3.26
-3.31
-3.29
-3.27
-3.28
-3.34
-3.33
-3.32
-3.36
-3.36
-3.24
-3.23
-3.21
-3.24
-3.32
-3.43
-3.36
-3.39
-3.4
-3.31
-3.31
-3.26
-3.2
-3.25
-3.34
-3.36
-3.35
-3.34
-3.34
-3.16
-3.12
-3.24
-3.22
-3.22
-3.18
-3.25
-3.28
-3.09
-3.18
-3.48
-3.49
-3.3
-3.35
-3.29
-3.19
-3.2
-3.15
-3.23
-3.36
-3.5
-3.37
-3.43
-3.44
-3.38
-3.38
-3.3
-3.22
-2.93
-2.95
-3.37
-3.26
-3.18
-2.95
-2.91
-2.57
-2.42
-2.31
-2.27
-2.33
-2.35
-2.29
-2.59
-2.56
-2.72
-2.62
-2.42
-2.42
-2.15
-2.13
-2.01
-1.8
-1.57
-1.8
-1.7
-1.72
-1.69
-1.63
-1.71
-1.8
-1.79
-2.05
-2.2
-2.02
-2.0
-1.61
-1.68
-1.93
-1.93
-2.1
-2.6
-2.43
-2.72
-2.5
-2.45
-2.47
-2.36
-2.25
-2.27
-2.3
-2.17
-2.3
-2.11
-2.16
-2.35
-2.01
-1.86
-1.82
-1.79
-1.68
-1.63
-1.58
-1.58
-1.68
-1.7
-1.62
-1.73
-1.64
-1.69
-1.92
-2.14
-2.01
-2.03
-2.06
-2.13
-1.74
-1.43
-1.57
-1.8
-1.98
-2.06
-1.95
-2.12
-2.1
-2.1
-2.18
-2.12
-2.21
-2.27
-2.22
-2.22
-2.28
-2.25
-2.09
-2.44
-2.68
-2.46
-2.45
-2.38
-2.27
-2.64
-2.7
-2.51
-2.33
-2.33
-2.48
-2.39
-2.33
-2.16
-2.26
-2.14
-1.99
-1.82
-1.74
-1.85
-1.99
-2.42
-2.36
-2.15
-2.15
-2.73
-2.81
-2.82
-2.83
-2.88
-2.72
-2.72
-2.55
-2.6
-2.72
-2.74
-2.66
-2.6
-2.73
-2.72
-2.93
-3.13
-3.19
-3.32
-3.2
-3.38
-3.53
-3.53
-3.42
-3.38
-3.22
-3.26
-3.24
-3.34
-3.42
-3.45
-3.63
-3.62
-3.61
-3.44
-3.36
-3.22
-3.28
-3.4
-3.48
-3.46
-3.19
-3.44
-3.7
-3.79
-3.79
-4.09
-4.09
-4.14
-4.26
-5.13
-5.15
-5.41
-4.79
-4.81
-4.7
-4.34
-3.8
-4.21
-4.54
-4.4
-4.81
-5.17
-4.51
-4.21
-4.31
-4.43
-4.43
-4.48
-4.52
-4.75
-4.09
-3.63
-3.39
-3.39
-3.63
-3.98
-4.0
-4.2
-3.87
-4.59
-4.86
-4.57
-4.14
-3.7
-3.67
-3.64
-3.44
-3.42
-3.34
-3.34
-3.37
-3.39
-4.0
-4.0
-4.03
-4.41
-4.33
-4.39
-4.49
-4.57
-4.7
-4.64
-4.75
-4.69
-4.43
-4.58
-4.77
-4.52
-4.5
-4.44
-4.1
-3.9
-3.94
-3.92
-3.76
-3.76
-3.85
-3.91
-4.08
-4.16
-4.32
-4.25
-4.25
-4.07
-4.32
-4.62
-4.73
-4.59
-4.8
-4.76
-4.82
-4.59
-4.63
-4.37
-4.03
-3.98
-3.83
-3.83
-3.73
-3.9
-4.15
-3.74
-4.03
-3.7
-3.77
-3.4
-3.67
-4.01
-4.28
-4.5
-4.27
-4.45
-4.42
-4.36
-4.37
-4.27
-4.23
-4.23
-4.76
-4.89
-4.59
-4.79
-4.54
-4.38
-4.27
-4.06
-4.14
-4.18
-4.05
-3.99
-4.09
-3.94
-4.18
-3.99
-3.84
-3.88
-4.08
-4.04
-3.91
-3.91
-3.93
-3.93
-4.25
-4.4
-4.29
-4.12
-3.92
-3.98
-3.91
-3.48
-3.71
-3.61
-3.77
-4.15
-4.71
-4.57
-4.55
-4.37
-4.51
-4.51
-4.51
-4.37
-4.6
-4.28
-4.29
-4.39
-4.4
-4.2
-4.04
-3.99
-4.06
-4.1
-4.03
-3.96
-4.3
-4.12
-3.83
-3.83
-3.57
-3.57
-3.57
-3.78
-3.65
-3.66
-3.47
-3.43
-3.73
-3.8
-3.69
-3.67
-3.62
-3.51
-3.4
-3.43
-3.6
-3.56
-3.59
-3.61
-3.65
-3.83
-3.76
-3.61
-3.61
-3.69
-3.67
-3.68
-3.64
-3.53
-3.53
-3.4
-3.37
-3.36
-3.42
-3.44
-3.52
-3.38
-3.41
-3.45
-3.61
-3.53
-3.42
-3.48
-3.42
-3.42
-3.35
-3.36
-3.39
-3.5
-3.33
-3.3
-3.14
-2.93
-3.01
-3.1
-3.01
-3.18
-2.97
-3.18
-3.17
-3.26
-3.39
-3.26
-3.28
-3.27
-3.27
-3.21
-3.03
-3.03
-3.06
-2.99
-3.08
-3.12
-2.99
-3.14
-3.09
-3.12
-2.96
-2.99
-3.02
-2.91
-2.88
-2.91
-2.76
-2.72
-2.69
-2.57
-2.79
-3.02
-2.86
-2.73
-2.73
-2.83
-2.67
-2.63
-2.68
-2.61
-2.75
-2.54
-2.68
-2.77
-2.66
-2.8
-2.81
-2.69
-2.82
-2.79
-2.79
-2.64
-2.51
-2.45
-2.66
-2.66
-2.57
-2.52
-2.52
-2.53
-2.54
-2.47
-2.42
-2.35
-2.43
-2.35
-2.24
-2.35
-2.83
-2.66
-2.61
-2.64
-2.83
-2.73
-2.74
-2.98
-3.03
-2.94
-2.9
-2.9
-2.66
-2.68
-2.78
-2.81
-2.78
-2.78
-2.54
-2.3
-2.19
-2.04
-2.04
-2.28
-3.02
-3.04
-3.03
-2.91
-2.81
-2.8
-2.92
-2.65
-2.48
-2.44
-2.45
-2.45
-2.77
-2.76
-2.99
-3.08
-3.18
-3.11
-2.88
-2.84
-2.75
-3.07
-2.9
-2.89
-2.72
-2.88
-2.74
-2.42
-2.24
-2.21
-2.23
-2.03
-2.09
-2.09
-2.07
-2.18
-2.15
-2.22
-2.26
-2.26
-2.0
-1.98
-2.1
-2.04
-2.08
-2.25
-2.26
-2.42
-2.77
-2.6
-2.51
-2.62
-2.66
-2.66
-2.62
-2.8
-2.83
-2.83
-3.24
-3.26
-3.2
-3.07
-3.06
-3.08
-3.05
-2.99
-2.78
-2.77
-2.74
-2.9
-2.95
-2.84
-3.16
-3.01
-2.91
-2.91
-2.79
-2.3
-2.48
-2.48
-2.98
-3.22
-2.79
-3.03
-3.3
-3.34
-3.17
-3.4
-3.13
-3.24
-3.39
-3.14
-3.39
-3.09
-3.01
-2.78
-2.78
-2.69
-2.91
-2.72
-2.99
-2.99
-2.68
-2.31
-2.2
-2.48
-3.14
-3.18
-3.44
-3.45
-3.68
-3.91
-3.71
-3.88
-4.19
-4.04
-4.28
-4.38
-4.36
-4.15
-4.17
-4.1
-4.2
-4.2
-3.98
-3.88
-4.09
-4.3
-4.16
-4.07
-4.01
-3.92
-3.78
-3.57
-3.71
-3.56
-3.59
-3.55
-3.52
-3.59
-3.59
-3.62
-3.8
-3.8
-3.79
-3.79
-3.85
-3.92
-3.53
-3.45
-3.6
-3.71
-3.65
-3.66
-3.61
-3.79
-4.04
-4.06
-4.23
-3.96
-3.79
-3.48
-3.51
-3.51
-3.56
-3.66
-3.7
-3.93
-3.78
-3.69
-3.86
-3.77
-3.49
-3.58
-3.55
-3.53
-3.55
-3.6
-3.59
-3.71
-3.65
-3.65
-3.64
-3.64
-3.72
-3.65
-3.48
-3.44
-3.4
-3.38
-3.51
-3.52
-3.64
-3.75
-3.58
-3.57
-3.47
-3.5
-3.52
-3.64
-3.63
-3.42
-3.37
-3.26
-3.27
-3.3
-3.35
-3.42
-3.42
-3.42
-3.69
-3.76
-3.68
-3.77
-3.66
-3.65
-3.45
-3.43
-3.44
-3.56
-3.52
-3.48
-3.68
-3.79
-3.76
-3.8
-3.59
-3.6
-3.71
-3.41
-3.37
-2.93
-2.98
-2.98
-2.82
-3.07
-3.25
-3.25
-3.32
-3.49
-3.43
-3.29
-3.35
-3.26
-3.19
-3.06
-2.92
-3.1
-3.25
-3.18
-3.56
-3.85
-3.74
-3.71
-3.96
-4.0
-3.73
-3.73
-3.66
-3.73
-3.51
-3.42
-3.48
-3.44
-3.42
-3.36
-3.1
-3.15
-3.51
-3.22
-3.32
-2.98
-2.9
-2.92
-3.29
-3.35
-3.23
-3.15
-3.15
-3.13
-3.03
-2.86
-2.95
-3.04
-3.17
-3.27
-3.16
-3.17
-3.2
-3.1
-3.04
-3.12
-2.96
-2.89
-2.85
-2.85
-2.88
-2.77
-2.86
-2.74
-2.75
-3.17
-3.32
-3.05
-3.14
-3.04
-2.87
-2.99
-3.16
-3.05
-3.0
-2.95
-2.93
-3.0
-3.14
-3.06
-3.01
-3.0
-3.0
-3.01
-3.15
-3.15
-3.18
-3.14
-3.0
-3.15
-2.88
-2.95
-2.84
-2.8
-2.8
-2.58
-2.59
-2.4
-2.17
-2.24
-2.24
-2.25
-2.14
-2.47
-2.47
-2.47
-2.18
-1.93
-1.88
-1.95
-2.1
-2.17
-2.11
-2.22
-2.28
-2.2
-2.0
-2.18
-2.64
-2.82
-2.96
-2.87
-2.62
-2.72
-2.72
-2.23
-2.23
-2.13
-2.17
-2.3
-2.41
-2.62
-3.02
-3.21
-3.19
-3.25
-2.62
-2.78
-2.82
-2.86
-2.73
-2.66
-2.64
-2.52
-2.48
-2.36
-2.27
-2.48
-2.19
-2.19
-1.91
-2.05
-1.92
-1.97
-1.75
-1.63
-1.73
-1.91
-1.94
-1.88
-2.03
-2.14
-2.23
-2.27
-2.2
-2.79
-2.47
-2.65
-2.56
-2.41
-2.45
-2.45
-2.8
-2.81
-2.93
-2.69
-2.63
-2.39
-2.39
-2.45
-2.17
-2.36
-2.36
-2.58
-2.77
-2.62
-2.35
-2.52
-2.19
-2.1
-2.1
-2.09
-2.38
-2.4
-2.45
-2.7
-2.81
-2.59
-2.43
-2.45
-2.61
-2.8
-2.89
-2.86
-2.77
-2.74
-2.64
-2.58
-2.51
-2.5
-2.91
-2.91
-2.49
-2.39
-2.49
-2.48
-2.22
-2.3
-2.11
-2.19
-2.22
-2.09
-2.0
-1.66
-1.7
-1.93
-1.97
-2.04
-2.11
-2.24
-2.25
-2.33
-2.33
-2.71
-2.74
-2.92
-2.99
-2.98
-3.38
-3.26
-3.35
-3.41
-3.49
-3.24
-3.37
-3.28
-2.83
-2.76
-2.52
-3.06
-3.04
-3.52
-3.47
-3.7
-3.87
-3.87
-3.85
-3.83
-3.8
-4.16
-4.46
-3.99
-4.29
-4.11
-4.31
-4.18
-3.99
-3.96
-3.95
-3.84
-4.03
-3.99
-3.84
-3.84
-3.91
-3.76
-3.69
-3.69
-3.97
-4.04
-4.13
-4.3
-4.27
-3.81
-3.73
-3.5
-3.17
-3.24
-3.1
-3.25
-3.46
-3.55
-3.59
-3.32
-3.21
-3.91
-3.92
-3.94
-3.94
-4.2
-3.73
-3.73
-4.16
-3.86
-3.57
-3.25
-3.14
-3.15
-2.99
-2.77
-3.29
-3.2
-3.01
-3.5
-3.42
-3.46
-3.46
-3.31
-3.52
-3.26
-3.19
-2.68
-2.74
-2.7
-2.52
-2.28
-2.53
-2.65
-2.42
-2.41
-2.78
-3.44
-3.74
-3.81
-3.9
-4.01
-3.84
-3.66
-3.66
-3.47
-3.2
-3.15
-3.54
-3.52
-3.91
-3.68
-3.81
-4.33
-4.37
-4.47
-4.53
-4.8
-4.73
-4.17
-4.18
-4.18
-3.77
-3.97
-4.27
-4.49
-4.31
-4.5
-4.56
-4.84
-4.96
-4.82
-5.02
-5.03
-5.01
-4.91
-4.8
-4.47
-4.45
-4.3
-4.16
-4.16
-4.19
-3.86
-4.01
-3.81
-3.94
-3.89
-3.79
-4.02
-4.12
-4.01
-4.16
-4.06
-4.15
-3.93
-3.89
-4.15
-4.06
-4.06
-4.03
-4.03
-4.01
-3.95
-4.12
-4.08
-4.01
-4.03
-4.14
-3.96
-3.92
-4.0
-3.94
-3.97
-3.98
-3.98
-4.14
-4.04
-3.93
-3.8
-3.84
-3.82
-3.69
-3.66
-3.73
-3.88
-3.94
-3.94
-4.22
-4.5
-4.47
-4.73
-4.68
-4.25
-4.1
-4.06
-3.85
-3.79
-3.66
-3.91
-3.94
-3.66
-3.65
-3.78
-3.73
-3.42
-3.33
-3.61
-3.61
-3.51
-3.66
-3.87
-3.86
-3.96
-4.04
-3.9
-3.72
-3.73
-3.93
-3.93
-3.71
-3.77
-3.69
-3.52
-3.72
-3.75
-3.66
-3.68
-3.53
-3.48
-3.48
-3.6
-3.69
-3.51
-3.37
-2.91
-2.82
-3.1
-3.17
-3.18
-3.26
-3.15
-3.39
-3.64
-3.73
-3.64
-3.74
-3.65
-3.53
-3.51
-3.51
-3.3
-3.63
-3.63
-3.64
-4.01
-3.87
-3.79
-4.02
-4.13
-4.07
-3.72
-3.57
-3.47
-3.47
-3.84
-3.33
-3.6
-3.57
-3.38
-3.16
-3.34
-2.96
-2.7
-2.7
-3.01
-2.69
-2.59
-2.61
-2.73
-2.88
-3.43
-2.98
-3.02
-3.26
-3.17
-3.27
-3.21
-3.44
-3.96
-4.33
-4.36
-4.51
-4.44
-4.3
-4.14
-4.06
-4.06
-3.84
-4.15
-4.18
-4.18
-4.06
-3.73
-3.89
-3.73
-3.62
-3.78
-3.77
-3.67
-3.59
-3.74
-3.74
-3.67
-3.67
-3.6
-3.46
-3.41
-3.43
-3.51
-3.6
-3.56
-3.67
-3.67
-3.67
-3.54
-3.6
-3.64
-3.66
-3.64
-3.59
-3.66
-3.62
-3.62
-3.54
-3.62
-3.74
-3.77
-3.71
-3.66
-3.66
-3.7
-3.7
-3.79
-3.71
-3.84
-3.84
-3.73
-3.77
-3.74
-3.8
-3.74
-3.83
-3.93
-3.96
-3.93
-3.88
-3.79
-3.83
-3.83
-3.91
-3.79
-3.62
-3.47
-3.43
-3.43
-3.46
-3.4
-3.38
-3.33
-3.27
-3.1
-3.14
-3.1
-3.16
-3.24
-3.28
-3.29
-3.27
-3.19
-3.33
-3.32
-3.51
-3.36
-3.4
-3.47
-3.47
-3.43
-3.53
-3.57
-3.55
-3.61
-3.65
-3.69
-3.77
-3.81
-3.83
-4.01
-4.0
-3.95
-3.92
-3.79
-3.85
-3.73
-3.6
-3.6
-3.59
-3.54
-3.65
-3.61
-3.54
-3.58
-3.62
-3.55
-3.42
-3.42
-3.36
-3.37
-3.34
-3.34
-3.4
-3.35
-3.4
-3.44
-3.38
-3.41
-3.41
-3.32
-3.32
-3.34
-3.35
-3.36
-3.36
-3.36
-3.29
-3.2
-3.29
-3.33
-3.22
-3.15
-3.31
-3.28
-3.27
-3.3
-3.3
-3.3
-3.27
-3.28
-3.27
-3.26
-3.15
-3.15
-3.19
-3.2
-3.19
-3.14
-3.11
-3.1
-3.09
-3.2
-3.12
-3.24
-3.27
-3.22
-3.21
-3.29
-3.24
-3.26
-3.44
-3.4
-3.37
-3.25
-3.25
-3.2
-3.2
-3.29
-3.24
-3.11
-3.15
-3.18
-3.15
-3.08
-3.1
-3.15
-3.15
-3.11
-3.04
-3.15
-3.11
-3.1
-3.1
-3.18
-3.18
-3.14
-3.11
-3.01
-3.01
-3.04
-3.02
-2.89
-2.97
-2.97
-2.87
-2.8
-2.72
-2.63
-2.58
-2.66
-2.46
-2.5
-2.56
-2.41
-2.35
-2.35
-2.43
-2.36
-2.56
-2.56
-2.63
-2.68
-2.59
-2.38
-2.3
-2.27
-2.1
-1.9
-1.94
-2.21
-2.25
-2.02
-2.11
-2.13
-1.9
-1.82
-1.76
-1.77
-1.81
-1.78
-1.78
-1.76
-1.75
-1.88
-1.74
-1.83
-1.93
-2.27
-2.27
-2.22
-2.17
-2.27
-2.22
-2.05
-2.06
-1.99
-1.98
-1.91
-1.94
-1.92
-1.86
-1.91
-1.91
-1.91
-1.82
-1.83
-1.76
-1.67
-1.76
-1.82
-1.82
-1.82
-1.86
-1.88
-1.82
-1.83
-1.71
-1.65
-1.62
-1.68
-1.61
-1.64
-1.85
-2.04
-2.06
-2.05
-2.05
-2.0
-1.92
-1.99
-2.02
-1.91
-1.95
-1.91
-1.93
-1.88
-1.93
-2.03
-1.95
-2.11
-2.06
-1.97
-1.87
-1.94
-1.9
-1.84
-1.84
-2.2
-2.01
-1.86
-1.8
-1.69
-1.74
-1.76
-1.69
-1.85
-1.82
-1.75
-1.71
-1.74
-1.94
-1.95
-1.62
-1.76
-1.63
-1.63
-1.5
-1.57
-1.69
-1.61
-1.48
-1.41
-1.46
-1.43
-1.61
-1.58
-1.97
-2.04
-2.03
-1.94
-1.87
-2.14
-2.41
-2.37
-2.24
-2.24
-2.35
-2.27
-2.27
-2.38
-2.4
-2.21
-2.61
-2.67
-2.53
-2.29
-1.82
-1.89
-1.97
-1.95
-2.09
-1.97
-1.98
-2.19
-2.37
-2.41
-2.42
-2.42
-2.35
-2.15
-2.35
-2.35
-2.31
-2.18
-2.08
-1.96
-1.79
-1.66
-1.54
-1.55
-1.49
-1.43
-1.57
-1.84
-1.89
-1.74
-1.92
-1.97
-1.61
-1.7
-1.78
-1.82
-1.95
-1.93
-1.95
-1.95
-1.9
-1.92
-1.94
-1.86
-1.9
-1.88
-1.92
-1.88
-1.93
-1.9
-1.85
-1.84
-1.85
-1.77
-1.81
-1.82
-1.91
-1.82
-1.82
-1.85
-1.88
-1.81
-1.81
-1.8
-1.75
-1.75
-1.74
-1.68
-1.74
-1.65
-1.73
-1.66
-1.66
-1.57
-1.56
-1.49
-1.69
-1.65
-1.49
-1.49
-1.46
-1.62
-1.59
-1.54
-1.53
-1.56
-1.75
-1.79
-1.73
-1.77
-1.73
-1.61
-1.58
-1.63
-1.65
-1.61
-1.61
-1.61
-1.57
-1.48
-1.48
-1.4
-1.43
-1.48
-1.48
-1.48
-1.53
-1.77
-1.8
-1.65
-1.55
-1.57
-1.47
-1.4
-1.32
-1.37
-1.45
-1.38
-1.05
-0.89
-0.81
-0.91
-1.03
-1.02
-1.02
-1.13
-1.11
-1.22
-1.18
-1.3
-1.2
-1.18
-0.98
-1.0
-0.99
-1.16
-1.18
-1.22
-1.11
-1.04
-1.02
-1.03
-1.03
-0.86
-0.86
-0.91
-0.92
-0.98
-1.08
-1.0
-1.1
-1.06
-1.03
-1.09
-1.02
-0.98
-1.04
-1.1
-1.13
-1.17
-1.06
-1.13
-1.25
-1.14
-1.25
-1.15
-1.12
-1.12
-1.11
-0.97
-0.99
-1.05
-1.32
-1.39
-1.4
-1.53
-1.62
-1.38
-1.35
-1.24
-1.18
-1.29
-1.29
-1.24
-1.19
-1.18
-1.26
-1.3
-1.3
-1.32
-1.31
-1.27
-1.18
-1.19
-1.15
-1.22
-1.19
-1.28
-1.25
-1.38
-1.3
-1.38
-1.23
-1.09
-1.19
-1.17
-1.14
-1.29
-1.44
-1.44
-1.37
-1.42
-1.39
-1.48
-1.43
-1.53
-1.46
-1.48
-1.51
-1.43
-1.29
-1.26
-1.21
-1.29
-1.29
-1.29
-1.29
-1.19
-1.25
-1.27
-1.21
-1.19
-1.13
-1.13
-1.0
-1.04
-1.01
-1.01
-1.01
-0.96
-0.93
-0.91
-0.9
-0.93
-0.9
-0.87
-0.87
-0.86
-0.85
-0.85
-0.81
-0.84
-0.85
-0.81
-0.79
-0.74
-0.74
-0.74
-0.72
-0.6
-0.64
-0.64
-0.7
-0.7
-0.64
-0.51
-0.59
-0.59
-0.58
-0.58
-0.61
-0.65
-0.65
-0.61
-0.72
-0.77
-0.77
-0.81
-0.81
-0.82
-0.87
-0.82
-0.87
-0.82
-0.77
-0.77
-0.75
-0.77
-0.94
-0.94
-0.94
-0.9
-0.9
-0.9
-0.93
-0.97
-0.96
-0.92
-1.0
-0.95
-0.91
-0.95
-0.92
-0.87
-0.92
-0.92
-0.94
-0.86
-0.8
-0.68
-0.77
-0.88
-0.93
-0.9
-0.9
-0.9
-0.94
-1.02
-0.93
-0.9
-0.82
-0.83
-0.82
-0.79
-0.79
-0.8
-0.75
-0.78
-0.86
-0.92
-0.92
-0.96
-0.96
-0.94
-0.9
-0.94
-0.94
-0.85
-0.92
-0.8
-0.83
-0.93
-0.95
-0.97
-1.08
-1.14
-1.33
-1.31
-1.25
-1.37
-1.19
-1.1
-1.13
-1.07
-0.91
-0.88
-0.77
-0.76
-0.76
-0.72
-0.7
-0.64
-0.66
-0.64
-0.64
-0.65
-0.66
-0.66
-0.64
-0.51
-0.62
-0.6
-0.62
-0.67
-0.8
-0.9
-0.82
-0.82
-0.76
-0.8
-0.8
-0.77
-0.81
-0.85
-0.89
-0.89
-1.04
-1.04
-1.04
-1.05
-1.12
-1.19
-1.13
-1.13
-1.03
-0.96
-0.89
-0.89
-0.9
-0.86
-0.75
-0.71
-0.7
-0.7
-0.7
-0.7
-0.63
-0.59
-0.54
-0.43
-0.58
-0.53
-0.58
-0.57
-0.58
-0.62
-0.56
-0.58
-0.53
-0.58
-0.56
-0.59
-0.47
-0.42
-0.53
-0.42
-0.56
-0.56
-0.63
-0.67
-0.89
-0.87
-0.66
-0.47
-0.43
-0.49
-0.71
-0.76
-0.78
-0.85
-0.91
-0.8
-0.79
-0.82
-0.79
-0.87
-0.8
-0.8
-0.81
-0.81
-0.72
-0.78
-0.64
-0.59
-0.49
-0.46
-0.38
-0.27
-0.24
-0.53
-0.66
-0.7
-0.46
-0.49
-0.4
-0.4
-0.26
-0.22
-0.25
-0.27
-0.24
-0.26
-0.18
-0.26
-0.3
-0.33
-0.28
-0.25
-0.22
-0.14
-0.11
-0.1
0.0
0.04
-0.05
-0.05
-0.04
-0.02
-0.01
0.03
0.04
0.02
-0.08
-0.09
0.0
0.07
-0.01
-0.14
-0.13
-0.07
-0.17
-0.22
-0.35
-0.34
-0.34
-0.33
-0.43
-0.43
-0.38
-0.41
-0.46
-0.42
-0.36
-0.34
-0.31
-0.18
-0.23
-0.26
-0.22
-0.17
-0.17
-0.1
-0.12
-0.08
-0.17
-0.14
-0.08
-0.02
-0.04
-0.03
-0.03
-0.04
-0.08
-0.03
-0.09
-0.06
-0.03
-0.02
-0.02
-0.01
0.0
0.02
0.07
0.07
0.07
0.12
0.14
0.01
-0.05
-0.07
-0.08
-0.09
-0.09
-0.14
0.0
0.04
0.0
0.07
0.05
0.13
0.1
0.03
0.0
0.07
0.02
0.0
0.06
-0.03
0.0
0.0
0.07
0.03
0.04
0.03
0.0
-0.03
-0.03
-0.07
-0.03
-0.04
-0.07
-0.12
-0.08
0.0
0.0
0.0
0.0
-0.08
0.01
0.0
0.07
0.06
0.22
0.42
0.31
0.33
0.38
0.25
0.22
0.22
0.42
0.34
0.34
0.38
0.39
0.41
0.44
0.42
0.39
0.36
0.37
0.41
0.5
0.56
0.68
0.59
0.73
0.69
0.71
0.71
0.62
0.5
0.36
0.36
0.21
0.41
0.51
0.56
0.51
0.49
0.5
0.35
0.47
0.46
0.27
0.26
0.31
0.2
0.2
0.2
0.34
0.34
0.21
0.14
0.12
0.02
0.02
0.04
0.13
0.04
0.02
0.06
0.21
0.03
-0.12
-0.11
0.04
0.1
0.14
0.0
0.03
0.03
0.06
0.16
0.0
0.05
0.07
-0.02
-0.04
0.02
0.01
0.0
0.02
0.0
0.03
0.08
0.02
0.04
0.07
0.11
0.09
0.03
0.1
0.03
0.03
0.08
0.19
0.26
0.21
0.15
0.1
0.13
0.1
0.1
0.17
0.17
0.26
0.12
0.14
0.13
0.25
0.25
0.26
0.14
0.14
0.14
0.18
0.31
0.31
0.21
0.19
0.19
0.1
0.1
0.01
-0.05
0.02
0.01
-0.05
-0.01
0.03
0.08
0.11
0.02
0.11
0.03
0.14
0.13
0.14
0.16
0.16
-0.02
-0.07
0.02
0.0
0.06
0.13
0.14
0.21
0.07
0.0
0.03
0.15
0.21
0.2
0.24
0.26
0.21
0.2
0.19
0.16
0.16
0.24
0.22
0.18
0.21
0.09
0.0
0.0
-0.02
-0.06
0.0
0.03
0.02
0.04
0.14
0.16
0.1
0.0
0.0
-0.08
-0.06
-0.07
0.02
-0.07
-0.07
-0.15
-0.14
-0.02
-0.07
-0.02
-0.03
0.0
0.02
0.09
0.07
0.09
0.16
0.1
0.15
0.1
0.15
0.29
0.23
0.13
0.16
0.08
0.08
0.0
0.06
0.03
0.04
0.03
0.08
0.21
0.16
0.31
0.26
0.26
0.44
0.46
0.5
0.47
0.44
0.41
0.37
0.25
0.12
0.12
0.12
0.06
0.03
-0.18
-0.04
-0.11
-0.33
-0.23
-0.15
-0.11
0.0
0.0
0.05
0.07
0.0
-0.01
-0.11
-0.17
-0.03
-0.03
-0.03
-0.1
-0.12
-0.09
0.0
0.05
-0.06
0.0
-0.37
-0.38
-0.16
-0.28
-0.27
-0.31
-0.15
-0.1
0.09
-0.06
0.06
0.16
0.19
0.19
0.16
-0.07
-0.32
-0.16
-0.02
-0.08
-0.04
0.09
-0.01
0.05
0.15
0.09
0.24
-0.04
0.01
0.5
0.58
0.47
0.44
0.42
0.34
0.41
0.37
0.32
0.31
0.24
0.24
0.23
0.23
0.05
0.06
0.0
-0.1
0.0
0.39
0.42
0.42
0.39
0.5
0.28
0.41
0.4
0.14
0.13
0.22
0.22
0.0
0.21
0.06
-0.07
0.15
-0.06
-0.13
0.0
0.23
0.29
0.19
-0.1
0.0
-0.22
-0.32
-0.1
-0.21
-0.21
0.06
0.11
0.11
0.22
0.18
0.34
0.37
0.53
0.26
0.43
-0.07
0.07
0.31
-0.03
0.11
-0.16
-0.21
-0.11
-0.11
-0.28
-0.09
-0.29
-0.12
-0.1
0.13
-0.25
-0.04
-0.07
-0.28
-0.14
-0.2
-0.11
0.08
0.15
0.0
-0.11
-0.17
-0.02
-0.02
-0.22
-0.05
-0.07
-0.1
-0.1
-0.17
-0.18
-0.23
-0.17
-0.09
-0.1
-0.1
-0.2
-0.2
-0.18
-0.18
-0.12
-0.12
-0.12
-0.12
-0.18
-0.16
-0.12
-0.11
-0.1
-0.12
-0.25
-0.22
-0.19
-0.21
-0.2
-0.16
-0.12
-0.25
-0.27
-0.28
-0.23
-0.15
-0.18
-0.18
-0.18
-0.11
-0.11
-0.17
-0.11
-0.1
-0.11
-0.05
-0.11
-0.11
-0.11
-0.17
-0.21
-0.17
-0.31
-0.31
-0.31
-0.3
-0.27
-0.31
-0.3
-0.29
-0.3
-0.21
-0.31
-0.26
-0.27
-0.31
-0.27
-0.27
-0.21
-0.21
-0.3
-0.31
-0.29
-0.22
-0.2
-0.2
-0.2
-0.2
-0.18
-0.17
-0.1
-0.13
-0.04
-0.01
-0.1
-0.01
0.0
0.05
-0.08
0.0
0.02
0.1
-0.11
-0.17
-0.3
0.01
0.02
0.05
0.1
-0.18
-0.21
0.26
0.32
0.08
0.08
0.36
0.36
0.25
0.27
0.26
0.41
0.23
0.27
0.16
0.22
0.21
0.13
0.06
0.0
0.1
0.11
0.11
0.08
0.04
0.07
0.07
0.09
0.15
0.11
0.11
0.21
0.17
0.17
0.11
0.1
0.21
0.3
0.35
0.35
0.36
0.41
0.42
0.56
0.55
0.57
0.4
0.22
0.27
0.22
0.36
0.36
0.36
0.27
0.34
0.33
0.4
0.55
0.43
0.54
0.48
0.46
0.52
0.48
0.6
0.71
0.72
0.51
0.38
0.47
0.56
0.55
0.3
0.11
0.11
0.36
0.14
-0.02
0.35
0.22
0.43
0.37
0.14
0.31
0.29
0.27
0.28
0.22
0.12
-0.33
-0.1
0.04
-0.29
-0.3
-0.3
-0.06
0.22
0.22
0.16
0.38
0.36
0.33
0.14
0.12
-0.01
0.23
0.22
0.63
0.47
0.36
0.42
0.33
0.26
0.44
0.15
0.4
0.4
0.51
0.46
0.47
0.38
0.55
0.43
0.29
0.08
0.32
0.07
0.29
0.05
0.0
0.37
0.22
0.19
-0.07
-0.11
-0.23
-0.23
-0.03
-0.14
-0.07
0.17
0.14
0.0
0.16
0.11
-0.18
-0.01
-0.21
-0.02
-0.01
-0.03
-0.1
-0.08
-0.03
-0.03
-0.15
0.06
-0.08
-0.24
-0.21
-0.06
0.14
0.01
0.27
0.23
0.1
0.26
0.24
0.17
0.38
0.08
0.01
0.17
0.04
0.5
0.51
0.5
0.5
0.33
0.37
0.39
0.39
0.22
0.51
0.32
0.15
0.49
0.37
0.38
0.07
0.07
0.37
0.42
0.56
0.5
0.59
0.32
0.34
0.31
0.46
0.46
0.5
0.57
0.29
0.5
0.51
0.53
0.36
0.13
0.41
0.54
0.45
0.37
0.38
0.53
0.53
0.5
0.57
0.58
0.56
0.59
0.7
0.7
0.5
0.52
0.61
0.72
0.54
0.51
0.35
0.3
0.28
0.37
0.37
0.41
0.47
0.54
0.56
0.41
0.17
0.2
0.22
0.16
0.16
0.27
0.18
0.26
0.22
0.29
0.24
0.27
0.13
0.07
0.24
0.05
-0.01
0.09
0.01
0.26
0.22
0.25
0.22
0.32
0.22
0.22
0.34
0.3
0.07
0.08
-0.16
0.03
0.05
-0.07
-0.08
-0.08
-0.16
-0.1
-0.11
-0.1
-0.17
-0.15
-0.17
-0.17
-0.04
-0.14
-0.21
-0.21
-0.17
-0.25
-0.12
-0.18
-0.09
-0.13
-0.13
-0.1
-0.23
-0.09
0.24
0.07
0.05
0.14
0.21
0.16
0.09
0.01
-0.15
-0.13
-0.3
-0.3
-0.41
-0.41
-0.41
-0.55
-0.5
-0.48
-0.51
-0.43
-0.5
-0.58
-0.53
-0.56
-0.5
-0.45
-0.36
-0.51
-0.28
-0.24
-0.54
-0.57
-0.57
-0.72
-0.57
-0.57
-0.53
-0.58
-0.58
-0.6
-0.51
-0.43
-0.58
-0.51
-0.38
-0.3
-0.02
-0.36
-0.36
-0.32
-0.23
-0.24
-0.36
-0.25
-0.26
-0.39
-0.21
-0.21
-0.22
-0.24
-0.23
-0.3
-0.28
-0.23
-0.39
-0.48
-0.37
-0.33
-0.36
-0.24
-0.31
-0.24
-0.1
-0.11
-0.16
-0.25
-0.26
-0.19
-0.2
-0.16
-0.16
-0.13
-0.1
-0.07
-0.02
0.0
-0.27
-0.16
-0.29
-0.09
0.28
0.05
-0.12
0.0
0.11
0.22
0.17
0.11
0.12
0.12
0.09
0.02
-0.07
-0.03
-0.16
-0.22
-0.02
-0.09
-0.09
0.04
0.14
-0.1
-0.27
-0.32
-0.38
-0.21
-0.3
-0.37
-0.18
-0.2
-0.24
-0.24
-0.14
-0.13
0.0
0.0
0.07
-0.21
-0.19
-0.13
-0.14
0.0
-0.08
-0.02
-0.14
-0.03
-0.02
-0.1
-0.03
0.0
0.07
-0.06
-0.06
0.0
0.05
0.14
0.02
-0.15
-0.26
-0.3
-0.27
0.15
0.16
0.2
0.41
0.29
0.25
0.18
0.15
0.25
0.22
0.07
0.24
0.34
0.38
0.47
0.39
0.43
0.16
0.11
0.12
0.12
0.08
0.18
0.14
0.22
0.33
0.37
0.31
0.27
0.52
0.59
0.71
0.87
0.82
0.76
0.64
0.55
0.44
0.24
0.36
0.36
0.36
0.65
0.66
0.75
0.85
0.85
0.5
0.79
0.53
0.2
0.49
0.64
0.47
0.61
0.62
0.44
0.06
0.18
0.31
0.31
0.33
0.54
0.62
0.42
0.53
0.44
0.4
0.59
0.6
0.6
0.55
0.3
0.18
0.38
0.35
0.66
0.37
0.47
0.47
-0.02
-0.02
-0.4
-0.52
-0.55
-0.51
-0.47
-0.55
-0.48
-0.47
-0.33
-0.16
0.1
0.48
0.4
0.39
0.38
0.43
0.29
0.31
0.31
0.5
0.49
0.48
0.67
0.68
0.71
0.69
0.67
0.62
0.6
0.74
0.55
0.78
0.7
0.75
0.62
0.65
0.69
0.79
0.76
0.73
0.38
-0.02
-0.02
-0.19
-0.02
-0.42
-0.23
-0.15
-0.47
-0.52
-0.15
0.17
0.03
0.06
0.35
0.36
-0.09
0.22
0.25
-0.17
0.0
-0.5
-0.42
-0.6
-0.6
-0.68
-0.66
-0.72
-0.75
-0.8
-0.6
-0.66
-0.76
-0.65
-0.7
-0.5
-0.32
-0.08
-0.08
-0.14
0.11
0.28
0.13
0.03
-0.16
-0.14
-0.14
-0.13
-0.35
-0.06
-0.19
-0.36
-0.27
-0.21
0.02
-0.13
-0.17
-0.45
-0.29
-0.32
-0.09
-0.19
-0.19
-0.22
-0.2
-0.2
-0.24
-0.34
-0.31
-0.4
-0.37
-0.37
-0.46
-0.52
-0.53
-0.59
-0.61
-0.52
-0.42
-0.42
-0.35
-0.56
-0.43
-0.43
-0.44
-0.44
-0.43
-0.43
-0.11
-0.36
-0.39
-0.39
-0.3
-0.46
-0.52
-0.55
-0.38
-0.55
-0.38
-0.35
-0.29
-0.29
-0.43
-0.35
-0.35
-0.36
-0.36
-0.38
-0.38
-0.31
-0.41
-0.5
-0.45
-0.48
-0.55
-0.58
-0.42
-0.42
-0.51
-0.36
-0.33
-0.27
-0.36
-0.38
-0.38
-0.21
-0.18
0.0
0.04
0.17
0.17
-0.06
-0.07
-0.12
0.03
-0.02
0.02
0.0
0.0
0.0
0.08
0.15
0.1
0.0
0.0
0.03
0.0
-0.06
-0.09
-0.03
0.03
0.03
0.18
0.15
0.15
0.07
0.12
0.01
0.19
0.26
0.25
0.26
0.34
0.24
0.26
0.18
0.1
0.06
0.01
-0.04
-0.07
-0.04
-0.04
0.0
0.07
0.0
-0.04
-0.07
-0.07
-0.07
-0.07
-0.07
-0.02
0.0
0.03
-0.02
0.0
0.0
-0.03
-0.02
-0.06
-0.03
-0.03
0.0
-0.03
-0.03
-0.07
0.0
0.06
0.06
0.04
0.03
0.06
0.07
0.03
0.0
0.0
0.08
0.06
0.13
0.06
0.0
0.06
0.06
0.0
0.1
0.1
0.13
0.18
0.24
0.22
0.18
0.32
0.27
0.35
0.26
0.27
0.24
0.25
0.27
0.18
0.22
0.22
0.27
0.22
0.27
0.27
0.27
0.27
0.18
0.31
0.27
0.3
0.39
0.38
0.34
0.34
0.33
0.29
0.27
0.17
0.09
0.06
0.06
0.06
0.07
0.1
0.0
0.01
0.04
0.0
0.06
0.06
0.06
0.07
0.05
0.04
0.05
0.05
0.01
0.0
0.0
-0.02
0.0
0.04
0.08
0.0
-0.07
-0.07
-0.06
0.08
0.07
0.0
0.02
-0.05
-0.13
-0.06
-0.16
-0.18
-0.18
-0.13
-0.17
-0.26
-0.26
-0.26
-0.14
-0.11
-0.1
-0.1
-0.06
-0.03
-0.06
-0.1
-0.04
0.07
-0.03
-0.02
-0.07
-0.21
-0.17
-0.12
-0.12
0.02
-0.02
0.0
-0.02
-0.23
-0.18
-0.13
0.0
0.0
0.02
0.02
-0.02
0.04
0.13
0.22
0.24
0.53
0.6
0.6
0.62
0.65
0.66
0.77
0.81
0.88
0.95
0.89
0.82
0.81
0.85
0.89
1.15
1.05
1.05
0.97
0.91
0.74
0.75
0.75
0.83
0.88
0.85
0.91
0.93
0.92
0.82
0.68
0.7
1.04
1.12
1.16
1.13
1.15
1.08
1.16
1.16
0.98
0.9
0.83
0.83
0.74
0.78
0.91
1.1
1.2
1.18
1.2
1.22
1.09
1.09
0.95
0.83
0.79
1.16
1.31
1.27
1.26
1.4
1.08
1.14
0.87
0.91
0.68
0.42
0.42
1.03
0.97
0.77
0.71
0.69
0.68
0.57
0.45
0.49
0.67
0.73
0.98
1.2
0.98
0.79
0.74
1.05
1.12
1.3
1.3
1.27
1.19
1.17
0.96
0.82
0.85
0.95
0.95
0.81
0.85
0.93
0.82
0.78
0.91
0.85
0.88
0.87
0.95
0.87
0.82
0.69
0.73
0.65
0.68
0.68
0.68
0.66
0.58
0.69
0.76
0.69
0.79
0.91
0.73
0.74
0.63
0.71
0.69
0.73
0.68
0.76
0.76
0.69
0.75
0.75
0.71
0.61
0.65
0.52
0.44
0.55
0.44
0.46
0.39
0.43
0.32
0.28
0.23
0.26
0.26
0.21
0.1
0.1
0.13
0.15
0.17
0.18
0.1
0.11
0.07
0.0
-0.02
-0.07
-0.13
-0.12
-0.12
-0.09
-0.07
-0.12
0.08
0.04
0.04
0.0
0.0
0.01
0.16
0.15
0.15
0.08
0.17
0.21
0.35
0.62
0.76
0.65
0.6
0.5
0.58
0.75
0.75
0.71
0.71
0.66
0.62
0.62
0.58
0.58
0.63
0.58
0.87
0.82
1.06
1.21
1.19
1.35
1.17
1.16
1.17
1.03
1.16
1.18
0.94
0.9
0.87
0.89
0.89
0.8
0.77
0.89
0.85
0.87
0.81
0.82
0.96
0.74
0.71
0.89
1.23
1.05
0.75
0.91
0.7
0.8
0.39
0.36
0.4
0.86
0.65
0.65
0.56
0.86
0.86
0.54
0.86
1.28
1.27
0.96
0.93
0.84
0.88
0.75
0.83
0.92
0.89
0.92
0.93
0.88
1.04
1.04
1.09
0.9
1.09
0.99
1.47
1.35
1.58
1.51
1.46
1.46
1.5
1.38
1.43
1.42
1.36
1.21
1.21
1.09
1.15
1.48
1.51
1.38
1.39
1.8
1.8
2.07
1.88
1.77
1.43
1.48
1.12
1.04
1.03
1.34
1.45
1.26
1.51
1.64
1.69
1.69
1.73
1.41
1.39
1.39
1.29
1.13
1.25
1.14
0.02
1.2
1.14
1.03
1.46
1.39
1.61
1.6
1.42
1.32
1.41
1.05
1.36
1.83
1.58
1.62
1.4
1.4
1.0
0.84
0.89
0.83
0.94
1.17
1.33
1.38
1.82
1.12
1.51
1.84
1.49
1.89
1.82
2.0
2.22
2.46
2.21
2.21
2.39
2.23
2.49
2.2
2.17
2.08
2.28
2.56
2.35
2.81
2.19
2.43
2.47
2.94
2.71
2.26
2.18
2.31
2.46
2.46
2.62
2.53
2.08
2.46
2.53
2.52
2.76
3.0
2.83
2.72
2.84
2.64
2.67
2.63
2.67
2.55
2.48
2.38
2.28
2.48
2.5
2.5
2.62
2.68
2.61
2.8
2.6
2.21
1.97
2.25
2.6
2.45
2.67
2.62
2.77
2.62
2.7
2.7
2.55
2.56
2.48
2.48
2.35
2.35
2.49
2.48
2.67
2.57
2.65
2.65
2.57
2.48
2.37
2.48
2.36
2.32
2.43
2.39
2.29
2.29
2.35
2.44
2.36
2.47
2.47
2.31
2.2
2.18
2.12
2.09
2.1
2.1
2.16
2.13
2.17
2.11
2.03
2.06
1.87
1.89
1.69
1.64
1.71
1.49
1.68
1.88
1.97
1.97
1.88
1.97
1.88
1.73
1.63
1.36
1.41
1.45
1.78
1.89
1.9
1.56
1.6
1.67
1.53
1.59
1.66
1.54
1.59
1.63
1.63
1.54
1.54
1.41
1.35
1.33
1.32
1.36
1.36
1.33
1.42
1.44
1.63
1.58
1.55
1.58
1.54
1.48
1.41
1.44
1.39
1.46
1.54
1.51
1.45
1.45
1.6
1.64
1.4
1.69
1.58
1.45
1.71
1.64
1.44
1.71
1.5
1.33
1.65
1.66
1.83
1.92
1.97
1.97
1.81
1.82
1.8
1.73
1.73
1.79
1.7
1.73
1.57
1.79
1.92
1.84
1.97
1.77
1.67
1.72
1.95
2.16
2.0
1.98
1.99
1.85
1.88
1.88
1.9
1.91
1.79
1.77
1.69
1.72
1.8
1.74
1.61
1.52
1.49
1.53
1.67
1.59
1.68
1.65
2.02
1.71
1.67
1.85
1.78
1.96
1.98
2.11
2.11
2.01
2.01
2.17
2.0
1.74
1.71
1.73
1.5
1.61
1.67
1.68
1.63
1.62
1.97
1.89
2.0
1.7
1.53
1.85
1.85
1.99
1.86
1.72
1.92
1.9
2.1
2.31
2.3
2.07
2.18
2.23
2.28
1.98
2.03
2.04
1.99
1.88
1.88
1.77
1.64
1.58
1.55
1.77
1.88
2.0
2.04
2.14
2.09
2.01
2.25
1.98
1.85
2.06
1.92
1.98
1.98
1.89
1.89
1.72
1.72
1.73
1.69
1.69
1.8
1.91
1.97
1.94
1.85
1.86
1.76
1.62
1.74
1.92
1.84
1.94
1.89
1.84
1.81
1.94
2.05
1.79
1.79
1.58
1.76
2.08
1.97
1.92
1.9
1.92
1.92
1.76
1.71
1.84
1.89
1.75
1.78
1.78
1.8
1.8
1.84
1.82
1.8
1.72
1.82
1.82
1.69
1.68
1.7
1.72
1.68
1.64
1.64
1.7
1.74
1.74
1.51
1.51
1.43
1.64
1.58
1.64
2.08
1.75
1.97
1.98
1.83
1.99
1.89
1.89
1.76
1.83
1.67
1.66
1.7
1.66
1.71
1.62
1.69
1.58
1.63
1.65
1.55
1.55
1.51
1.53
1.67
1.52
1.64
1.65
1.65
1.66
1.52
1.66
1.62
1.56
1.5
1.18
1.17
1.63
1.74
1.73
1.7
1.67
1.59
1.79
1.58
1.58
1.52
1.46
1.49
1.39
1.39
1.42
1.42
1.47
1.47
1.67
1.66
1.59
1.51
1.4
1.2
1.11
1.12
1.09
1.08
0.97
1.01
0.95
0.86
0.88
0.94
1.03
1.2
1.14
1.19
1.18
1.18
1.09
1.15
1.2
1.25
1.04
1.08
1.22
1.37
1.43
1.5
1.36
1.02
1.26
1.19
1.04
0.99
0.92
0.82
0.99
0.94
0.99
1.04
1.04
1.09
1.07
1.12
1.29
1.27
1.44
1.42
1.5
1.57
1.55
1.45
1.42
1.57
1.43
1.44
1.47
1.39
1.39
1.36
1.17
1.09
0.87
0.91
1.03
1.12
1.19
1.25
1.38
1.21
1.17
1.23
1.31
1.26
1.32
1.42
1.34
1.36
1.31
1.35
1.44
1.44
1.44
1.43
1.39
1.35
1.48
1.51
1.39
1.37
1.12
1.26
1.5
1.69
1.55
1.6
1.56
1.44
1.51
1.5
1.41
1.42
1.42
1.46
1.38
1.41
1.3
1.23
1.19
1.06
1.1
1.11
1.23
1.15
1.1
1.17
1.17
1.21
1.34
1.42
1.41
1.4
1.49
1.56
1.56
1.41
1.47
1.48
1.76
1.89
1.81
1.79
1.77
1.46
1.65
1.67
1.53
1.3
1.18
1.28
1.13
1.07
1.2
1.26
1.26
1.19
1.1
1.21
1.12
1.46
1.26
1.26
1.19
1.23
1.5
1.31
1.35
1.14
1.09
1.04
1.3
1.22
1.29
1.4
1.4
1.36
1.36
1.6
1.41
1.28
1.61
1.67
1.42
1.65
1.71
1.61
1.64
1.51
1.61
1.44
1.36
1.54
1.61
1.27
1.5
1.43
1.43
1.43
1.4
1.31
1.37
1.37
1.25
1.31
1.32
1.32
1.26
1.18
1.29
1.43
1.51
1.42
1.34
1.37
1.52
1.55
1.58
1.51
1.51
1.46
1.46
1.55
1.27
1.36
1.16
1.15
1.15
1.48
1.47
1.39
1.14
1.25
1.2
1.0
0.98
1.05
1.13
1.25
1.29
1.34
1.21
1.21
1.34
1.4
1.3
1.3
1.36
1.53
1.68
1.73
1.67
1.65
1.78
1.8
1.73
1.67
1.67
1.61
1.58
1.53
1.46
1.45
1.45
1.51
1.53
1.53
1.55
1.78
1.56
1.34
1.36
1.39
1.41
1.38
1.34
1.46
1.45
1.62
1.72
1.71
1.6
1.67
1.44
1.33
1.33
1.24
1.27
1.17
1.18
1.19
1.18
1.34
1.42
1.37
1.3
1.35
1.35
1.33
1.41
1.46
1.45
1.37
1.45
1.45
1.3
1.37
1.58
1.62
1.68
1.64
1.77
1.69
1.78
1.67
1.76
1.63
1.59
1.72
1.62
1.65
1.46
1.56
1.53
1.47
1.42
1.49
1.63
1.59
1.56
1.37
1.37
1.11
1.36
1.78
1.8
1.57
1.44
1.87
1.95
2.08
2.08
1.94
1.72
1.57
1.52
1.52
1.43
1.48
1.44
1.25
2.02
2.02
1.8
1.8
2.0
1.56
1.37
1.37
1.28
1.06
0.96
1.0
1.14
1.11
1.2
1.25
1.16
1.38
1.3
1.17
0.54
0.86
0.83
1.0
1.0
1.0
1.31
1.26
1.31
1.39
1.37
1.19
1.25
1.27
1.19
1.3
1.36
1.34
1.34
1.3
1.4
1.39
1.51
1.51
1.41
1.52
1.55
1.53
1.63
1.46
1.42
1.52
1.3
1.13
1.42
1.51
1.66
1.6
1.34
1.48
1.47
1.62
1.84
2.07
1.8
2.04
1.77
1.77
1.72
1.8
1.75
2.02
2.29
2.18
2.2
2.14
1.99
2.14
2.0
1.99
2.01
1.94
1.94
1.85
1.8
1.88
1.7
1.53
1.53
1.61
1.35
1.59
1.82
1.85
1.83
1.85
1.9
1.49
1.39
1.78
2.2
2.06
1.81
1.61
1.96
2.14
1.81
1.57
1.59
1.45
1.52
1.52
1.26
1.43
1.67
1.7
1.82
1.86
1.84
1.72
1.39
1.42
1.38
1.36
1.38
1.25
1.28
1.45
1.39
1.55
1.45
1.45
1.49
1.5
1.5
1.32
1.47
1.5
1.62
1.52
1.63
1.53
1.53
1.42
1.39
1.32
1.22
1.19
1.11
0.9
0.8
0.89
0.89
0.83
0.83
0.83
0.7
0.66
0.67
0.87
0.85
0.79
1.08
1.13
1.15
1.28
1.29
1.01
1.0
0.93
0.89
0.82
0.82
0.91
0.86
0.92
0.94
0.87
0.74
0.54
0.58
0.61
0.54
0.8
0.82
0.76
0.68
0.81
1.08
1.1
1.14
1.19
1.39
1.39
1.37
1.18
1.32
1.32
1.46
1.31
1.51
1.54
1.29
1.1
1.23
1.15
1.12
1.64
1.68
1.59
1.64
1.44
1.51
1.62
1.82
1.43
1.42
1.42
1.24
1.24
1.1
1.1
1.14
1.07
0.99
0.97
0.93
0.95
0.93
0.72
0.9
1.07
0.97
1.13
1.17
1.15
1.28
1.31
1.23
1.32
1.1
1.13
1.09
1.09
1.04
0.99
0.9
1.07
1.1
1.07
1.06
1.16
1.07
0.92
0.79
0.82
0.87
0.77
0.87
0.83
0.82
0.91
0.92
0.92
0.96
0.94
0.94
0.83
1.03
0.99
1.07
1.1
1.02
1.01
1.06
1.06
1.21
1.32
1.25
1.24
1.15
1.24
1.3
1.25
0.79
0.51
0.31
0.31
0.47
0.34
0.57
0.77
0.86
0.59
0.49
0.72
0.79
0.55
0.39
0.39
0.35
0.17
0.13
0.37
0.51
0.48
0.5
0.61
0.61
0.39
0.34
0.45
0.47
0.45
0.4
0.51
0.66
0.66
0.95
0.62
0.71
0.93
1.02
1.2
1.06
1.34
1.33
1.2
1.21
1.21
1.13
1.13
1.1
1.02
1.18
1.04
1.05
1.05
1.1
0.95
0.91
0.66
0.58
0.63
0.62
0.67
0.67
0.83
0.87
0.92
0.8
0.76
0.68
0.68
0.68
0.68
0.84
1.25
1.24
1.19
1.24
1.24
1.16
1.13
1.06
1.02
0.86
0.74
0.66
0.68
0.61
0.49
0.45
0.45
0.45
0.48
0.69
0.73
0.61
0.49
0.39
0.44
0.32
0.37
0.39
0.39
0.23
0.32
0.0
-0.01
-0.1
-0.1
-0.07
-0.23
-0.18
-0.12
-0.05
0.03
0.03
0.13
0.23
0.27
0.27
0.37
0.51
0.7
0.74
0.65
0.92
0.9
1.03
1.17
1.22
1.53
1.71
1.71
1.62
1.69
1.92
1.47
1.76
1.66
1.58
1.58
1.46
1.44
1.35
1.02
0.77
0.54
0.56
0.48
0.6
0.86
1.02
0.84
0.84
0.93
1.06
1.14
1.15
1.02
0.88
0.76
0.73
0.64
0.49
0.78
0.84
0.74
0.68
0.71
0.74
0.76
0.84
0.95
0.87
0.87
0.91
0.97
0.89
0.79
0.7
0.65
0.74
0.72
0.69
0.65
0.7
0.68
0.68
0.61
0.62
0.63
0.56
0.65
0.53
0.72
0.77
0.72
0.57
0.66
0.59
0.59
0.67
0.68
0.63
0.59
0.57
0.43
0.56
0.57
0.47
0.57
0.56
0.66
0.65
0.44
0.53
0.57
0.65
0.53
0.49
0.63
0.55
0.55
0.51
0.56
0.49
0.48
0.46
0.61
0.69
0.68
0.7
0.63
0.64
0.51
0.48
0.37
0.5
0.45
0.25
0.26
0.26
0.3
0.32
0.32
0.46
0.4
0.46
0.47
0.47
0.39
0.37
0.35
0.38
0.41
0.36
0.38
0.46
0.41
0.39
0.39
0.41
0.36
0.36
0.42
0.5
0.47
0.55
0.59
0.72
0.71
0.69
0.66
0.76
0.74
0.71
0.71
0.72
0.82
0.73
0.77
0.77
0.82
0.95
0.84
0.83
0.81
0.76
0.87
0.75
0.71
0.55
0.52
0.54
0.66
0.65
0.55
0.56
0.59
0.46
0.47
0.47
0.35
0.59
0.59
0.59
0.66
0.58
0.71
0.58
0.5
0.55
0.64
0.54
0.58
0.55
0.67
0.64
0.61
0.59
0.63
0.59
0.62
0.62
0.58
0.68
0.81
0.81
0.7
0.8
0.98
1.04
1.03
1.13
0.88
1.02
1.03
0.89
0.9
0.87
0.78
0.91
1.0
0.91
0.91
1.0
1.15
1.15
1.23
1.21
1.09
1.05
1.03
0.82
0.79
0.81
0.95
0.87
0.88
0.87
1.03
0.81
0.73
0.76
0.78
0.76
0.76
0.66
0.66
0.67
0.77
0.68
0.52
0.49
0.5
0.58
0.65
0.62
0.63
0.58
0.81
0.94
0.95
1.07
0.95
0.75
0.55
0.48
0.48
0.58
0.65
0.76
0.66
0.55
0.58
0.55
0.55
0.42
0.53
0.53
0.41
0.48
0.49
0.23
0.02
0.07
0.07
0.0
-0.08
-0.08
-0.08
-0.1
-0.18
-0.13
-0.07
-0.04
-0.06
-0.07
-0.03
0.0
0.0
0.09
0.12
0.06
-0.02
-0.08
-0.07
-0.06
-0.06
-0.1
-0.07
-0.04
0.03
-0.03
0.05
0.0
0.07
0.05
0.03
0.04
-0.1
0.0
0.08
0.12
0.0
0.03
0.18
0.23
0.23
0.23
0.17
0.05
-0.1
0.02
-0.08
-0.07
-0.04
0.19
0.21
0.35
0.3
0.27
0.22
0.19
0.11
0.16
0.28
0.24
0.04
-0.18
-0.14
-0.23
0.0
0.0
0.16
0.14
0.1
0.06
0.08
0.13
0.1
0.0
-0.16
-0.16
-0.1
0.0
-0.16
0.0
0.03
-0.07
-0.19
-0.08
-0.25
-0.45
-0.45
-0.49
-0.43
-0.07
-0.24
0.29
0.28
0.27
0.16
0.27
0.06
0.27
0.18
0.13
0.32
0.19
0.02
0.1
0.18
0.12
0.0
0.0
0.0
0.0
0.04
0.03
0.15
0.15
0.22
0.22
0.3
0.35
0.27
0.18
0.11
0.19
-0.17
-0.18
-0.21
-0.17
0.02
0.0
0.07
0.13
0.03
0.02
0.09
0.09
0.17
0.17
0.17
0.24
0.42
0.52
0.59
0.45
0.39
0.48
0.58
0.55
0.59
0.45
0.32
0.26
0.45
0.43
0.28
0.06
0.03
0.13
0.13
0.2
0.3
0.33
0.14
0.1
0.19
0.35
0.47
0.43
0.56
0.67
0.63
0.5
0.59
0.54
0.55
0.84
0.57
0.53
0.64
0.64
0.54
0.5
0.4
0.38
0.26
0.3
0.32
0.35
0.29
0.38
0.42
0.53
0.63
0.61
0.62
0.52
0.54
0.64
0.77
0.95
0.95
0.92
0.82
0.81
0.72
1.16
1.31
1.05
1.0
0.99
0.96
0.94
1.01
0.88
0.91
0.82
0.81
0.86
0.81
0.83
0.83
0.69
0.76
0.75
0.76
0.71
0.72
0.68
0.57
0.61
0.54
0.6
0.61
0.53
0.49
0.72
0.72
0.87
0.86
0.7
0.74
0.62
0.72
0.7
0.63
0.71
0.74
0.7
0.63
0.66
0.51
0.61
0.73
0.8
0.87
0.77
0.9
0.88
0.96
0.96
0.97
0.94
1.06
1.08
1.08
1.09
1.01
0.88
0.5
0.48
0.5
0.59
0.71
0.65
0.69
0.62
0.63
0.74
0.62
0.53
0.65
0.65
0.71
0.56
0.56
0.48
0.48
0.45
0.43
0.48
0.5
0.58
0.66
0.66
0.83
0.65
0.67
0.58
0.68
0.67
0.63
0.66
0.63
0.64
0.63
0.63
0.6
0.56
0.56
0.57
0.59
0.34
0.34
0.38
0.43
0.56
0.69
0.76
0.76
0.57
0.59
0.45
0.46
0.47
0.48
0.64
0.77
0.69
0.72
0.6
0.6
0.66
0.7
0.64
0.59
0.73
0.6
0.65
0.66
0.57
0.43
0.47
0.27
0.3
0.23
0.28
0.33
0.24
0.24
0.33
0.26
0.3
0.3
0.38
0.29
0.34
0.21
0.21
0.32
0.19
0.21
0.2
0.3
0.15
0.09
0.44
0.53
0.42
0.47
0.4
0.4
0.4
0.37
0.34
0.45
0.43
0.39
0.35
0.38
0.32
0.24
0.26
0.16
0.29
0.11
0.07
0.28
0.39
0.6
0.43
0.42
0.42
0.49
0.36
0.76
0.59
0.46
0.89
1.09
0.99
1.05
1.01
0.93
0.91
0.85
0.83
0.86
0.85
0.82
0.91
0.86
0.61
0.61
0.37
0.37
0.19
0.55
0.56
0.5
0.38
0.27
0.45
0.53
0.51
0.39
0.42
0.19
0.37
0.38
0.39
0.46
0.53
0.72
0.76
0.69
0.69
0.69
0.49
0.39
0.37
0.37
0.55
0.47
0.44
0.44
0.42
0.57
0.72
0.68
0.53
0.32
0.32
0.0
-0.07
-0.32
-0.38
-0.51
-0.58
-0.74
-0.79
-0.82
-0.7
-0.57
-0.71
-0.63
-0.77
-0.77
-0.66
-0.65
-0.66
-0.69
-0.69
-0.57
-0.58
-0.35
-0.17
0.06
0.09
0.0
-0.01
-0.09
-0.09
-0.38
-0.38
-0.08
-0.04
-0.03
-0.23
-0.24
-0.16
0.01
0.08
0.08
-0.01
0.08
-0.05
0.0
-0.07
0.07
-0.01
-0.11
-0.16
-0.18
-0.33
-0.25
-0.3
-0.35
-0.36
-0.47
-0.57
-0.62
-0.5
-0.5
-0.38
-0.04
-0.13
-0.36
-0.02
-0.36
-0.29
-0.43
-0.53
-0.36
-0.39
-0.28
-0.48
-0.72
-0.75
-0.58
-0.39
-0.43
-0.69
-0.59
-0.59
-0.71
-0.68
-0.56
-0.13
-0.12
-0.27
-0.48
-0.09
-0.63
-1.03
-1.22
-1.04
-0.72
-0.09
0.0
-0.21
-0.47
-0.58
-0.99
-1.18
-1.18
-1.29
-1.2
-1.16
-1.36
-1.2
-1.04
-1.04
-1.07
-1.13
-1.1
-1.08
-1.02
-1.05
-1.18
-1.03
-1.06
-1.06
-1.18
-1.0
-0.77
-0.87
-0.92
-0.86
-0.69
-0.71
-0.91
-0.95
-0.94
-1.18
-1.13
-1.27
-1.22
-1.2
-0.96
-0.7
-0.59
-0.5
-0.5
-0.4
0.06
0.0
-0.22
0.01
-0.11
-0.32
-0.47
-0.66
-0.22
-0.27
-0.17
-0.59
-0.46
-1.29
-1.22
-1.23
-0.96
-0.86
-0.86
-1.11
-0.74
-1.08
-1.08
-0.8
-1.04
-0.87
-0.86
-0.79
-0.75
-0.7
-0.78
-0.8
-0.66
-0.69
-0.69
-0.82
-0.85
-0.69
-0.67
-0.72
-0.82
-0.76
-0.67
-0.7
-0.69
-0.69
-0.85
-0.8
-0.91
-0.91
-0.88
-0.66
-0.7
-0.71
-0.77
-0.8
-0.81
-0.78
-0.79
-0.81
-0.74
-0.71
-0.71
-0.73
-0.7
-0.63
-0.59
-0.59
-0.37
-0.35
-0.26
-0.32
-0.15
-0.26
-0.14
-0.02
0.0
0.18
-0.03
-0.21
-0.21
0.12
0.35
0.32
0.28
0.29
-0.05
-0.05
0.0
-0.3
-0.28
0.09
-0.13
-0.26
-0.14
-0.16
-0.23
-0.14
-0.5
-0.53
-0.55
-0.57
-0.62
-0.61
-0.58
-0.58
-0.56
-0.53
-0.44
-0.43
-0.43
-0.42
-0.44
-0.47
-0.43
-0.34
-0.31
-0.13
-0.38
-0.33
-0.35
-0.31
-0.24
-0.32
-0.49
-0.54
-0.62
-0.49
-0.49
-0.6
-0.57
-0.54
-0.71
-0.55
-0.51
-0.54
-0.65
-0.77
-0.83
-0.89
-0.8
-0.67
-0.67
-0.62
-0.78
-0.77
-0.78
-0.72
-0.81
-0.61
-0.6
-0.5
-0.58
-0.62
-0.62
-0.47
-0.25
-0.08
0.0
-0.06
-0.22
-0.52
-0.66
-0.49
-0.59
-0.43
-0.51
-0.48
-0.55
-0.6
-0.63
-0.52
-0.52
-0.58
-0.49
-0.57
-0.61
-0.7
-0.67
-0.72
-0.72
-0.87
-1.01
-0.76
-0.83
-0.76
-0.84
-0.81
-0.94
-1.01
-0.99
-0.9
-0.93
-0.83
-0.84
-0.94
-1.06
-1.06
-1.14
-1.14
-0.98
-1.03
-1.0
-0.93
-1.03
-1.33
-1.45
-1.76
-1.59
-1.52
-1.66
-1.76
-1.75
-1.51
-1.51
-1.85
-1.85
-1.9
-1.9
-1.94
-1.94
-1.91
-1.84
-1.8
-1.84
-1.98
-2.04
-2.18
-1.79
-1.82
-1.88
-1.74
-1.74
-1.69
-1.83
-1.75
-1.6
-1.47
-1.47
-1.37
-1.35
-1.22
-1.22
-1.22
-1.03
-0.95
-0.81
-0.7
-0.67
-0.55
-0.48
-0.44
-0.53
-0.45
-0.54
-0.52
-0.58
-0.72
-0.68
-0.59
-0.45
-0.41
-0.46
-0.46
-0.37
-0.4
-0.39
-0.43
-0.43
-0.43
-0.43
-0.53
-0.52
-0.48
-0.45
-0.46
-0.41
-0.33
-0.21
-0.02
-0.07
-0.16
-0.28
-0.28
-0.22
-0.33
-0.26
0.02
-0.23
-0.29
-0.23
0.06
-0.07
-0.07
-0.05
-0.1
0.0
0.03
0.0
-0.05
-0.43
-0.34
-0.75
-0.8
-0.73
-0.73
-0.9
-0.87
-0.84
-0.93
-0.84
-0.9
-1.06
-1.25
-1.28
-1.36
-1.42
-1.64
-1.81
-1.66
-1.51
-1.52
-1.63
-1.54
-1.61
-1.58
-1.55
-1.55
-1.57
-1.6
-1.6
-1.56
-1.39
-1.34
-1.45
-1.51
-1.31
-1.47
-1.29
-1.76
-1.73
-1.58
-1.71
-1.48
-1.47
-1.49
-1.43
-1.65
-1.39
-1.67
-1.67
-1.68
-1.59
-1.54
-1.4
-1.26
-1.13
-1.16
-1.1
-1.04
-1.09
-1.02
-1.05
-0.93
-0.85
-0.91
-1.0
-1.08
-1.1
-1.32
-1.28
-1.28
-1.39
-1.31
-1.39
-1.42
-1.44
-1.52
-1.3
-1.55
-1.58
-1.53
-1.55
-1.62
-1.61
-1.62
-1.46
-1.41
-1.39
-1.64
-1.84
-1.64
-1.61
-1.62
-1.75
-1.75
-1.6
-1.31
-1.15
-1.09
-1.09
-0.95
-1.06
-0.95
-0.99
-1.19
-1.12
-1.48
-1.31
-1.2
-1.32
-1.44
-1.35
-1.2
-1.12
-1.44
-1.44
-1.42
-1.51
-1.51
-1.32
-1.43
-1.46
-1.59
-1.78
-1.79
-1.82
-1.74
-1.69
-1.87
-1.88
-1.89
-1.82
-1.85
-1.79
-1.78
-1.78
-1.72
-1.64
-1.73
-1.73
-1.74
-1.6
-1.73
-1.77
-1.72
-1.81
-1.82
-1.79
-1.91
-1.88
-1.83
-1.87
-1.8
-1.81
-1.8
-1.8
-1.78
-1.62
-1.64
-1.64
-1.68
-1.68
-1.6
-1.72
-1.75
-1.87
-1.78
-1.76
-1.61
-1.6
-1.47
-1.45
-1.44
-1.39
-1.29
-1.28
-1.26
-1.33
-1.31
-1.38
-1.36
-1.37
-1.37
-1.48
-1.39
-1.37
-1.35
-1.56
-1.47
-1.41
-1.4
-1.27
-1.3
-1.29
-1.08
-1.25
-1.18
-1.16
-1.16
-1.21
-1.24
-1.25
-1.26
-1.47
-1.47
-1.68
-1.73
-1.78
-1.69
-1.63
-1.62
-1.67
-1.78
-1.76
-1.87
-2.01
-1.9
-1.94
-2.23
-1.97
-1.88
-1.82
-2.03
-2.03
-2.0
-2.0
-2.08
-2.19
-2.23
-2.13
-2.21
-2.06
-1.9
-1.73
-1.27
-1.33
-1.25
-1.03
-0.96
-1.29
-1.07
-1.16
-0.87
-0.92
-0.92
-0.98
-1.09
-1.36
-1.01
-0.98
-1.12
-1.4
-1.38
-1.23
-1.29
-1.58
-1.92
-1.74
-1.77
-1.65
-1.57
-1.57
-1.64
-1.69
-1.73
-1.73
-1.85
-1.91
-1.94
-2.1
-2.01
-1.91
-2.0
-1.72
-1.79
-1.54
-1.42
-1.6
-1.24
-1.22
-1.14
-0.98
-0.77
-0.88
-0.88
-0.78
-0.67
-0.94
-0.77
-0.63
-0.51
-1.11
-0.99
-0.69
-0.7
-0.58
-0.64
-0.76
-0.48
0.0
-0.16
-0.4
-0.33
-0.65
-1.14
-1.21
-1.21
-1.3
-1.56
-1.56
-1.71
-1.53
-1.42
-1.44
-1.55
-1.07
-1.09
-1.59
-1.78
-1.77
-2.04
-2.05
-2.17
-2.41
-2.2
-2.3
-2.3
-2.39
-2.49
-2.71
-2.43
-2.56
-2.53
-2.38
-2.44
-2.45
-2.57
-2.83
-2.91
-2.84
-2.85
-2.78
-2.58
-2.51
-2.48
-2.41
-2.41
-2.43
-2.43
-2.65
-2.62
-2.71
-2.71
-2.47
-2.24
-2.25
-2.09
-2.19
-2.15
-2.04
-2.28
-2.11
-2.24
-2.59
-2.58
-2.16
-2.4
-2.04
-2.09
-2.26
-2.08
-2.08
-2.09
-2.35
-2.1
-2.1
-2.02
-1.99
-2.49
-2.43
-2.3
-2.48
-1.94
-1.69
-1.82
-1.77
-2.22
-2.18
-2.2
-2.32
-2.2
-2.36
-2.28
-2.15
-2.15
-2.03
-2.03
-1.88
-2.09
-2.09
-2.28
-1.81
-1.78
-1.8
-1.87
-1.7
-1.99
-1.89
-2.17
-2.28
-2.69
-2.34
-2.35
-2.22
-2.35
-2.4
-2.48
-2.48
-2.44
-2.56
-2.81
-2.81
-2.79
-2.74
-2.75
-2.88
-2.7
-2.8
-2.75
-2.59
-2.6
-2.3
-2.62
-2.7
-2.73
-2.68
-2.6
-2.65
-2.71
-2.67
-2.62
-2.51
-2.51
-2.46
-2.43
-2.51
-2.5
-2.5
-2.58
-2.54
-2.45
-2.48
-2.46
-2.53
-2.5
-2.51
-2.42
-2.35
-2.25
-2.25
-2.18
-2.05
-2.05
-2.13
-2.26
-2.26
-2.34
-2.32
-2.3
-2.29
-2.33
-2.43
-2.62
-2.56
-2.57
-2.67
-2.62
-2.61
-2.67
-2.71
-2.67
-2.67
-2.56
-2.56
-2.45
-2.56
-2.65
-2.67
-2.54
-2.53
-2.42
-2.62
-2.59
-2.51
-2.41
-2.42
-2.37
-2.67
-2.58
-2.75
-2.85
-2.85
-2.85
-2.86
-2.91
-2.89
-2.87
-3.02
-3.01
-2.93
-2.8
-2.71
-2.72
-2.86
-2.7
-2.55
-2.58
-2.61
-2.72
-2.77
-2.82
-2.7
-2.82
-2.69
-2.6
-2.84
-2.81
-2.81
-2.83
-2.65
-2.68
-2.63
-2.56
-2.54
-2.55
-2.66
-2.75
-2.85
-2.91
-2.9
-2.78
-2.89
-2.86
-2.95
-2.97
-3.03
-2.99
-2.85
-2.93
-2.93
-2.86
-2.85
-2.7
-3.03
-2.94
-2.75
-2.65
-2.51
-2.59
-2.58
-2.51
-2.67
-2.84
-2.82
-2.86
-2.88
-2.81
-2.91
-2.63
-2.63
-2.59
-2.68
-2.68
-2.84
-2.9
-3.05
-2.68
-2.54
-2.86
-3.03
-2.85
-3.11
-2.96
-2.86
-3.03
-2.79
-2.75
-2.62
-2.21
-2.5
-2.2
-2.38
-2.38
-2.44
-2.81
-2.76
-2.91
-3.02
-2.95
-3.11
-3.08
-3.03
-2.98
-2.84
-2.98
-2.85
-2.84
-2.72
-2.72
-2.74
-2.72
-2.72
-2.83
-2.82
-2.63
-2.78
-2.81
-2.91
-2.85
-2.64
-2.5
-2.65
-2.6
-2.42
-2.59
-2.55
-2.51
-2.65
-2.75
-2.66
-2.56
-2.18
-2.37
-2.37
-2.7
-2.7
-2.69
-2.75
-2.58
-2.25
-2.17
-2.19
-2.17
-2.27
-2.41
-2.42
-2.33
-2.43
-2.36
-2.29
-2.3
-2.27
-2.15
-2.14
-2.14
-2.04
-2.04
-1.94
-2.04
-1.95
-1.47
-1.93
-1.98
-2.01
-2.03
-2.03
-2.18
-2.05
-1.81
-1.52
-1.55
-1.84
-2.21
-2.07
-1.93
-1.79
-1.79
-1.93
-1.88
-1.94
-1.96
-1.91
-1.77
-1.5
-1.52
-1.39
-1.16
-1.08
-0.81
-1.54
-1.47
-1.56
-1.38
-1.23
-1.01
-1.18
-0.97
-0.6
-1.03
-1.03
-0.78
-0.79
-1.15
-1.23
-1.23
-1.02
-1.21
-1.2
-1.2
-0.96
-0.85
-0.9
-0.87
-0.93
-1.23
-1.37
-1.3
-1.41
-1.33
-1.25
-1.07
-1.07
-1.18
-1.12
-1.16
-1.02
-1.25
-0.84
-1.07
-1.24
-1.31
-1.24
-1.48
-1.45
-1.14
-1.32
-2.0
-1.99
-1.7
-1.48
-1.48
-0.93
-0.77
-0.8
-0.8
-0.73
-0.83
-0.82
-0.54
-0.62
-0.48
-0.59
-0.74
-1.36
-1.29
-0.52
-0.89
-0.76
-1.01
-0.76
-0.84
-0.84
-0.77
-0.69
-0.88
-0.81
-0.83
-0.79
-0.9
-0.84
-0.91
-1.14
-0.99
-0.59
-0.86
-0.72
-0.77
-0.49
-0.32
-0.49
-0.56
-0.8
-0.68
-0.86
-0.86
-0.56
-0.56
-0.97
-1.26
-1.36
-1.33
-1.37
-1.42
-1.27
-1.15
-1.24
-1.26
-1.12
-0.99
-1.06
-0.99
-1.41
-1.44
-1.44
-1.4
-1.34
-1.29
-1.61
-1.5
-1.57
-1.76
-1.76
-1.5
-1.5
-1.45
-1.48
-1.28
-1.38
-1.38
-1.34
-1.24
-1.04
-0.97
-0.83
-0.8
-0.45
-0.4
-0.64
-0.64
-0.48
-0.64
-0.64
-0.69
-0.6
-0.13
-0.16
-0.77
-1.13
-1.28
-1.33
-0.97
-1.21
-1.26
-1.18
-1.06
-1.26
-1.2
-1.18
-1.07
-1.1
-1.07
-1.06
-1.1
-1.12
-1.12
-1.0
-1.06
-1.05
-1.11
-1.15
-1.28
-1.24
-1.0
-1.06
-0.99
-0.91
-0.91
-0.74
-0.87
-0.76
-0.95
-1.23
-1.2
-1.48
-1.44
-1.04
-1.04
-0.88
-1.1
-1.06
-1.03
-1.04
-1.22
-0.87
-1.56
-1.58
-1.53
-1.28
-1.26
-1.06
-0.95
-1.35
-0.98
-0.73
-0.78
-0.38
-0.7
-0.51
-0.55
-0.26
-0.55
-1.49
-1.79
-1.83
-1.62
-1.4
-1.4
-1.32
-1.09
-1.31
-0.94
-0.84
-0.94
-1.21
-1.55
-1.35
-1.33
-1.2
-1.21
-1.18
-1.13
-1.12
-1.01
-1.08
-1.04
-1.34
-1.34
-1.74
-1.82
-1.34
-1.87
-1.89
-1.66
-1.9
-2.2
-2.32
-2.3
-2.19
-2.53
-2.53
-2.74
-2.62
-2.12
-2.34
-2.65
-2.94
-3.01
-2.97
-2.97
-2.97
-2.74
-2.56
-2.41
-2.66
-2.36
-2.61
-2.51
-2.79
-2.7
-2.66
-2.8
-2.52
-2.85
-2.59
-2.93
-2.9
-3.64
-3.75
-3.75
-3.39
-3.15
-3.15
-3.25
-3.27
-3.22
-3.09
-2.79
-2.61
-2.65
-3.31
-3.09
-2.89
-2.81
-2.87
-3.14
-3.13
-3.28
-3.33
-2.98
-3.19
-3.5
-3.5
-3.24
-3.38
-3.56
-3.56
-3.81
-3.74
-3.59
-3.67
-3.9
-4.11
-3.93
-3.77
-3.69
-3.86
-3.97
-3.95
-4.01
-3.54
-4.68
-5.09
-5.29
-4.73
-4.66
-4.48
-4.34
-4.34
-3.57
-3.73
-3.94
-4.02
-4.15
-4.59
-4.89
-4.9
-4.92
-5.03
-5.22
-5.29
-5.25
-5.09
-4.76
-4.8
-4.46
-4.74
-5.36
-5.15
-5.12
-5.12
-5.1
-5.09
-5.26
-5.19
-5.13
-5.15
-5.19
-5.34
-5.55
-5.53
-5.56
-5.39
-5.46
-5.41
-5.37
-5.57
-5.57
-5.29
-5.38
-5.25
-5.25
-5.31
-5.31
-5.32
-5.34
-5.37
-5.33
-5.35
-5.38
-5.29
-5.36
-5.3
-5.27
-5.14
-5.01
-5.05
-5.04
-5.07
-5.07
-5.07
-5.02
-5.02
-4.91
-4.94
-4.98
-4.93
-4.88
-4.87
-4.85
-4.85
-4.81
-4.83
-4.86
-4.83
-4.83
-4.79
-4.83
-4.81
-4.72
-4.81
-4.72
-4.77
-4.77
-4.77
-4.77
-4.72
-4.72
-4.7
-4.71
-4.75
-4.72
-4.71
-4.65
-4.65
-4.79
-4.71
-4.54
-4.37
-4.28
-4.36
-4.24
-4.39
-4.28
-4.18
-4.21
-4.36
-4.33
-4.33
-4.35
-4.34
-4.19
-4.28
-4.48
-4.38
-4.32
-4.39
-4.32
-4.38
-4.36
-4.29
-4.13
-4.32
-4.29
-4.29
-4.08
-3.98
-4.17
-4.17
-4.39
-4.46
-4.42
-4.36
-4.25
-4.18
-4.16
-4.17
-4.3
-4.37
-4.41
-4.23
-4.21
-4.29
-4.16
-4.01
-4.01
-4.09
-4.09
-4.01
-4.01
-4.09
-4.06
-3.97
-4.0
-4.11
-4.12
-4.05
-3.82
-3.94
-3.95
-3.74
-3.78
-4.02
-3.74
-3.58
-3.66
-3.49
-3.6
-3.55
-3.62
-3.57
-3.57
-3.51
-3.79
-3.73
-3.73
-3.67
-3.7
-3.8
-4.0
-4.15
-4.02
-4.11
-3.81
-4.04
-3.93
-4.07
-4.13
-3.92
-3.85
-3.82
-3.84
-3.64
-3.48
-3.48
-3.6
-3.22
-3.09
-2.86
-2.86
-2.97
-2.92
-3.21
-2.94
-2.79
-2.97
-3.35
-3.1
-3.41
-3.81
-3.9
-3.91
-3.96
-3.96
-3.98
-3.98
-3.91
-3.98
-3.85
-3.85
-3.69
-3.67
-3.69
-3.61
-3.81
-3.6
-3.65
-3.9
-3.76
-3.95
-3.89
-4.19
-4.24
-4.32
-4.44
-4.4
-4.4
-4.39
-4.17
-3.84
-4.0
-4.16
-4.46
-4.34
-4.23
-4.16
-4.05
-4.05
-3.99
-4.16
-4.45
-4.42
-4.34
-4.28
-4.28
-4.56
-4.81
-4.81
-4.58
-4.37
-4.34
-4.28
-4.16
-4.32
-4.28
-4.23
-4.12
-4.04
-4.11
-4.1
-4.01
-3.97
-3.93
-3.95
-3.76
-3.86
-3.96
-3.99
-3.99
-3.99
-3.9
-3.9
-3.86
-3.98
-3.9
-4.1
-3.98
-4.0
-3.95
-3.8
-3.78
-3.75
-3.84
-3.79
-3.8
-3.71
-3.39
-3.2
-3.42
-3.42
-3.27
-3.04
-2.8
-2.96
-3.11
-3.45
-3.55
-3.47
-3.51
-3.48
-3.55
-3.63
-3.54
-3.57
-3.52
-3.56
-3.45
-3.66
-3.31
-3.31
-3.1
-3.48
-3.52
-3.19
-3.21
-3.27
-3.27
-3.27
-3.14
-3.1
-3.09
-3.14
-3.21
-3.47
-3.42
-3.54
-3.53
-3.31
-2.74
-2.67
-2.76
-2.76
-3.16
-3.41
-3.41
-3.82
-3.82
-3.79
-3.71
-3.64
-3.57
-3.49
-3.56
-3.9
-3.82
-3.86
-3.93
-3.93
-3.91
-3.91
-3.85
-3.8
-3.73
-3.76
-3.58
-3.49
-3.21
-3.37
-3.46
-3.46
-3.56
-3.5
-3.69
-4.0
-3.7
-3.52
-3.83
-3.68
-3.98
-3.47
-3.03
-3.24
-3.31
-3.27
-3.42
-3.16
-3.17
-3.17
-3.4
-3.5
-3.68
-3.94
-4.02
-3.96
-3.54
-3.59
-3.73
-3.94
-4.02
-3.9
-3.99
-3.82
-3.85
-3.98
-3.98
-4.03
-3.92
-4.1
-4.18
-4.18
-4.16
-4.04
-4.1
-4.22
-4.14
-4.1
-4.11
-4.02
-3.93
-3.92
-3.8
-3.84
-3.89
-3.9
-3.86
-3.79
-3.65
-3.56
-3.47
-3.59
-3.59
-3.48
-3.39
-3.33
-3.62
-3.65
-3.65
-3.63
-3.68
-3.67
-3.77
-3.6
-3.65
-3.69
-3.73
-3.86
-4.05
-3.82
-3.86
-4.02
-4.19
-4.07
-4.07
-3.98
-4.04
-4.15
-4.05
-3.97
-3.89
-3.8
-3.73
-3.59
-3.66
-3.78
-3.92
-3.93
-3.95
-3.65
-3.72
-3.82
-3.78
-3.82
-3.82
-3.95
-3.88
-3.88
-3.81
-3.81
-3.69
-3.72
-3.86
-3.84
-3.76
-3.68
-3.63
-3.51
-3.52
-3.39
-3.64
-3.55
-3.31
-3.27
-3.47
-3.52
-3.34
-3.25
-3.53
-3.43
-3.43
-3.54
-3.54
-3.45
-3.39
-3.19
-3.4
-3.43
-3.28
-3.91
-3.78
-3.61
-3.53
-3.41
-3.39
-3.31
-3.29
-3.27
-3.27
-3.27
-3.32
-3.3
-3.3
-3.0
-2.93
-2.99
-3.37
-3.58
-3.72
-3.76
-3.58
-3.51
-3.35
-3.52
-3.59
-3.74
-3.89
-3.92
-3.53
-3.32
-3.64
-3.74
-3.93
-3.93
-4.06
-3.69
-3.56
-3.65
-3.46
-3.31
-3.46
-3.31
-2.84
-3.01
-3.02
-3.2
-3.22
-2.98
-3.05
-3.67
-3.52
-3.26
-3.23
-3.37
-3.37
-3.17
-3.12
-2.69
-3.09
-2.94
-3.3
-3.37
-3.29
-3.29
-3.17
-3.1
-3.19
-3.11
-3.11
-3.22
-3.18
-3.16
-3.13
-3.07
-3.01
-3.01
-3.06
-3.13
-2.97
-3.04
-2.95
-3.0
-3.38
-3.23
-3.14
-3.12
-3.19
-3.16
-3.08
-3.12
-2.97
-3.08
-2.98
-2.9
-3.04
-3.15
-3.15
-2.96
-3.27
-2.99
-3.0
-2.97
-3.15
-3.1
-2.99
-2.85
-2.8
-2.86
-2.64
-2.68
-2.92
-2.95
-3.16
-3.13
-3.16
-3.04
-2.96
-3.0
-3.05
-3.15
-3.15
-3.19
-3.18
-3.19
-3.22
-3.19
-3.21
-3.14
-3.29
-3.22
-3.18
-3.19
-3.11
-3.12
-3.18
-3.25
-3.17
-3.05
-3.12
-3.35
-3.31
-3.31
-3.31
-3.29
-3.18
-3.17
-2.93
-3.12
-3.15
-3.24
-3.2
-3.23
-3.34
-3.27
-3.15
-3.3
-3.23
-3.34
-3.36
-3.48
-3.41
-3.43
-3.41
-3.38
-3.46
-3.57
-3.44
-3.68
-3.88
-3.88
-3.87
-4.12
-3.93
-3.71
-3.73
-3.5
-3.22
-3.53
-3.8
-3.7
-3.73
-3.72
-3.82
-3.62
-3.87
-3.66
-3.58
-4.07
-3.93
-4.0
-4.0
-4.08
-4.1
-3.9
-4.05
-4.13
-3.99
-3.7
-3.79
-4.12
-4.1
-3.99
-4.03
-3.87
-3.72
-3.73
-3.76
-3.68
-3.62
-3.39
-3.61
-3.61
-4.22
-3.99
-3.99
-4.03
-4.01
-3.81
-3.79
-3.79
-3.75
-3.67
-3.53
-3.6
-3.64
-3.64
-3.71
-3.74
-3.78
-3.64
-3.61
-3.62
-3.54
-3.45
-3.45
-3.41
-3.3
-2.99
-2.93
-2.93
-2.9
-2.56
-2.43
-2.58
-2.68
-2.84
-2.99
-3.05
-2.92
-2.99
-3.16
-3.06
-3.28
-3.11
-3.31
-3.37
-3.12
-3.12
-2.84
-2.64
-2.59
-2.81
-2.54
-2.76
-2.78
-2.7
-2.77
-2.69
-2.7
-2.7
-2.72
-2.66
-2.6
-2.6
-2.66
-2.66
-2.57
-2.61
-2.62
-2.55
-2.49
-2.49
-2.6
-2.6
-2.57
-2.51
-2.38
-2.34
-2.45
-2.36
-2.37
-2.31
-2.36
-2.57
-2.63
-2.53
-2.59
-2.4
-2.31
-2.43
-2.43
-2.32
-2.3
-2.22
-2.22
-2.54
-2.5
-2.39
-2.3
-2.32
-2.51
-2.47
-2.39
-2.47
-2.47
-2.19
-1.91
-2.21
-2.26
-2.04
-2.08
-2.08
-2.09
-2.31
-2.05
-2.14
-2.29
-2.34
-2.04
-2.15
-2.11
-2.35
-2.27
-2.56
-2.62
-2.73
-2.65
-2.7
-2.4
-2.41
-2.38
-2.42
-2.38
-2.38
-2.43
-2.46
-2.42
-2.43
-2.75
-2.92
-2.94
-2.94
-2.97
-2.88
-2.88
-2.88
-2.92
-2.98
-3.05
-3.09
-2.91
-2.86
-2.83
-2.81
-2.88
-2.94
-2.88
-3.25
-3.37
-3.37
-3.4
-3.28
-3.24
-3.04
-2.75
-3.01
-3.06
-3.09
-2.82
-3.08
-3.0
-2.96
-2.93
-2.83
-2.74
-2.93
-3.11
-3.23
-3.25
-3.16
-3.16
-2.79
-2.57
-2.9
-3.27
-3.36
-3.3
-3.17
-3.08
-3.28
-3.42
-3.39
-3.49
-3.75
-3.88
-3.74
-3.79
-3.76
-3.76
-3.68
-3.72
-3.51
-3.61
-3.61
-3.6
-3.53
-3.58
-3.6
-3.58
-3.53
-3.65
-3.57
-3.65
-3.63
-3.39
-3.53
-3.53
-3.62
-3.09
-2.85
-2.84
-2.84
-2.72
-2.75
-2.73
-2.83
-2.93
-2.86
-3.09
-3.19
-3.02
-3.07
-2.99
-3.11
-2.98
-2.73
-2.66
-2.33
-2.41
-3.1
-3.02
-2.88
-2.88
-2.78
-2.69
-3.03
-3.0
-3.11
-2.94
-2.62
-2.63
-2.86
-3.06
-3.18
-2.87
-2.83
-2.91
-3.43
-3.12
-2.67
-2.69
-2.81
-2.81
-3.0
-3.05
-2.84
-2.63
-2.5
-2.36
-2.4
-2.41
-2.58
-2.61
-2.53
-2.55
-2.5
-2.55
-2.41
-2.41
-2.43
-2.17
-2.13
-2.13
-2.29
-2.61
-2.56
-2.51
-3.26
-2.89
-2.3
-2.69
-2.71
-2.74
-2.68
-2.87
-2.83
-2.73
-2.79
-2.9
-3.12
-2.57
-3.13
-3.28
-3.28
-3.35
-3.38
-3.42
-3.47
-3.45
-3.42
-3.49
-3.47
-3.49
-3.54
-3.53
-3.6
-3.71
-3.8
-3.59
-3.73
-3.38
-3.21
-3.23
-3.24
-3.26
-3.26
-3.46
-3.43
-3.46
-3.46
-3.46
-3.31
-3.45
-3.48
-3.35
-3.31
-3.2
-3.11
-3.02
-2.97
-2.72
-2.72
-3.0
-2.98
-2.93
-2.93
-3.02
-3.01
-2.89
-2.8
-2.65
-2.64
-3.09
-2.79
-2.8
-2.82
-2.97
-3.07
-3.14
-3.17
-2.96
-3.12
-3.15
-2.97
-3.03
-3.03
-3.11
-3.06
-2.84
-2.82
-2.87
-2.78
-2.83
-2.85
-2.82
-2.77
-2.85
-2.81
-2.86
-2.85
-2.66
-2.6
-2.65
-2.65
-2.56
-2.56
-2.56
-2.47
-2.83
-2.64
-2.27
-2.09
-2.04
-2.08
-2.11
-2.07
-2.01
-2.08
-2.07
-2.09
-2.18
-2.32
-2.27
-2.31
-2.25
-2.61
-2.61
-2.63
-2.38
-2.37
-2.32
-2.35
-2.66
-2.52
-2.48
-2.37
-2.14
-2.15
-2.22
-2.11
-2.06
-1.99
-2.02
-1.99
-1.98
-1.98
-1.82
-1.84
-1.83
-1.87
-1.87
-1.75
-1.68
-1.68
-1.6
-1.54
-1.51
-1.48
-1.48
-1.51
-1.51
-1.4
-1.25
-1.17
-1.18
-1.26
-1.25
-1.34
-1.25
-1.39
-1.47
-1.55
-1.55
-1.6
-1.73
-1.7
-1.75
-1.8
-2.02
-1.96
-2.03
-2.06
-2.06
-2.06
-2.12
-2.13
-2.1
-2.12
-2.1
-2.09
-2.06
-2.04
-2.01
-2.01
-2.03
-2.08
-1.96
-1.95
-1.94
-2.0
-1.8
-1.88
-1.91
-1.89
-1.99
-1.98
-1.94
-1.92
-1.98
-1.97
-1.87
-1.94
-1.92
-1.92
-1.88
-1.88
-1.93
-1.92
-1.96
-1.88
-1.93
-1.84
-1.76
-1.77
-1.77
-1.61
-1.72
-1.77
-1.81
-1.78
-1.79
-1.69
-1.7
-1.76
-1.76
-1.73
-1.59
-1.53
-1.6
-1.58
-1.79
-1.71
-1.97
-1.71
-1.6
-1.68
-1.69
-1.76
-1.72
-1.72
-1.76
-1.82
-1.78
-1.81
-1.82
-1.82
-1.9
-1.85
-1.92
-1.94
-1.97
-1.93
-1.93
-1.91
-2.0
-2.09
-2.04
-1.96
-1.95
-1.89
-2.03
-2.04
-2.03
-1.95
-1.9
-1.93
-1.93
-1.9
-1.92
-1.85
-1.98
-1.85
-1.79
-1.75
-1.8
-1.78
-1.74
-1.61
-1.56
-1.6
-1.61
-1.63
-1.65
-1.63
-1.51
-1.39
-1.27
-1.31
-1.31
-1.37
-1.4
-1.36
-1.45
-1.47
-1.41
-1.37
-1.37
-1.4
-1.55
-1.64
-1.49
-1.66
-1.57
-1.88
-1.95
-1.93
-1.89
-1.89
-1.83
-1.79
-1.79
-1.72
-1.7
-1.72
-1.73
-1.84
-1.87
-1.89
-1.93
-1.87
-1.73
-1.6
-1.51
-1.53
-1.56
-1.52
-1.52
-1.55
-1.42
-1.27
-1.29
-1.15
-1.29
-1.36
-1.35
-1.3
-1.39
-1.56
-1.65
-1.71
-1.89
-1.99
-1.77
-1.63
-1.63
-1.63
-1.56
-1.36
-1.34
-1.32
-1.32
-1.26
-1.18
-1.18
-1.08
-1.07
-1.0
-1.03
-1.11
-1.2
-1.33
-1.25
-1.15
-1.17
-1.23
-1.15
-1.1
-1.18
-1.12
-1.22
-1.13
-1.1
-1.1
-1.04
-1.02
-0.95
-0.96
-0.94
-1.1
-0.92
-0.86
-0.75
-0.89
-0.92
-0.93
-1.18
-1.08
-1.02
-0.96
-0.92
-1.04
-1.03
-0.94
-0.94
-0.95
-1.04
-1.15
-0.95
-0.9
-1.02
-1.06
-1.34
-1.5
-1.55
-1.58
-1.33
-1.32
-1.34
-1.65
-1.64
-1.69
-1.81
-1.89
-1.91
-1.89
-1.76
-1.62
-1.62
-1.6
-1.6
-1.38
-1.15
-1.12
-1.09
-1.13
-1.12
-1.07
-1.04
-1.02
-1.04
-1.02
-0.92
-0.84
-0.86
-0.88
-0.82
-0.82
-0.96
-1.0
-1.12
-1.11
-1.36
-1.32
-1.36
-1.5
-1.67
-1.59
-1.55
-1.47
-1.67
-1.58
-2.08
-1.57
-1.52
-1.44
-1.28
-1.3
-1.33
-1.33
-1.33
-1.27
-1.19
-1.19
-1.21
-1.21
-1.28
-1.28
-1.17
-1.15
-1.29
-1.2
-1.41
-1.6
-1.46
-1.34
-1.33
-1.31
-1.26
-1.43
-1.47
-1.37
-1.57
-1.5
-1.57
-1.57
-1.63
-1.74
-1.69
-1.63
-1.63
-1.59
-1.57
-1.74
-1.8
-1.73
-1.65
-1.86
-1.59
-1.37
-1.35
-1.35
-1.42
-1.75
-1.6
-1.52
-1.3
-1.3
-1.26
-1.32
-1.1
-1.04
-1.06
-0.84
-0.97
-0.96
-1.21
-1.24
-1.5
-1.62
-1.53
-1.56
-1.38
-1.38
-1.44
-1.58
-1.76
-1.94
-2.02
-2.06
-2.07
-2.11
-2.09
-2.11
-2.08
-2.1
-2.29
-2.51
-2.11
-1.91
-2.03
-2.02
-2.07
-2.16
-2.24
-2.21
-2.21
-2.13
-2.12
-1.79
-1.4
-1.34
-1.38
-1.35
-1.43
-1.36
-1.51
-1.84
-1.85
-1.79
-1.79
-1.64
-1.73
-1.91
-1.91
-1.91
-1.99
-2.09
-2.09
-2.45
-2.52
-2.32
-2.21
-2.22
-1.93
-1.84
-1.84
-2.07
-2.35
-2.42
-2.52
-2.36
-2.46
-2.7
-2.69
-2.72
-2.62
-2.55
-2.95
-3.17
-3.17
-3.32
-3.19
-3.31
-3.25
-3.35
-3.24
-3.12
-2.94
-2.85
-2.95
-3.05
-3.1
-2.95
-3.05
-2.98
-2.69
-2.4
-2.39
-2.49
-2.72
-2.72
-2.63
-2.71
-2.63
-2.4
-2.5
-2.7
-2.78
-2.88
-2.96
-2.84
-2.88
-2.74
-2.72
-2.69
-2.58
-2.52
-2.47
-2.19
-2.0
-1.93
-1.96
-1.96
-1.83
-1.73
-1.93
-1.99
-2.09
-1.94
-2.08
-2.01
-1.87
-2.19
-2.39
-2.55
-2.48
-2.45
-2.4
-2.39
-2.44
-2.48
-2.4
